   5.7000351e+03	   7.8492020e-04	
   5.7500291e+03	   7.8289960e-04	
   5.8000236e+03	   7.7740380e-04	
   5.8500175e+03	   7.6408470e-04	
   5.9000406e+03	   7.3462060e-04	
   5.9500351e+03	   6.8002140e-04	
   6.0000291e+03	   5.9901150e-04	
   6.0500236e+03	   4.9423260e-04	
   6.1000175e+03	   3.8479520e-04	
   6.1500406e+03	   2.7648550e-04	
   6.2000351e+03	   1.8081580e-04	
   6.2500291e+03	   1.0672000e-04	
   6.3000236e+03	   6.0085730e-05	
   6.3500175e+03	   3.2473440e-05	
   6.4000115e+03	   1.9019430e-05	
   6.4500351e+03	   1.3692350e-05	
   6.5000291e+03	   1.1765680e-05	
