   5.5999885e+03	   7.9164390e-04	
   5.6500406e+03	   7.9113080e-04	
   5.7000351e+03	   7.9002950e-04	
   5.7500291e+03	   7.8827800e-04	
   5.8000236e+03	   7.8402780e-04	
   5.8500175e+03	   7.7564020e-04	
   5.9000406e+03	   7.6018020e-04	
   5.9500351e+03	   7.3389060e-04	
   6.0000291e+03	   6.9336070e-04	
   6.0500236e+03	   6.3971520e-04	
   6.1000175e+03	   5.7535830e-04	
   6.1500406e+03	   4.9867690e-04	
   6.2000351e+03	   4.1560250e-04	
   6.2500291e+03	   3.3083850e-04	
   6.3000236e+03	   2.5334280e-04	
   6.3500175e+03	   1.8573860e-04	
   6.4000406e+03	   1.3146680e-04	
   6.4500351e+03	   8.7356170e-05	
   6.5000291e+03	   5.6316680e-05	
   6.5500236e+03	   3.5863870e-05	
   6.6000175e+03	   2.3277080e-05	
   6.6500406e+03	   1.6465340e-05	
   6.7000351e+03	   1.2876070e-05	
   6.7500291e+03	   1.0787870e-05	
   6.8000236e+03	   9.8781560e-06	
