   5.5000000e+03	   7.9512760e-04	
   5.5500236e+03	   7.9465990e-04	
   5.6000175e+03	   7.9410080e-04	
   5.6500406e+03	   7.9357070e-04	
   5.7000351e+03	   7.9232420e-04	
   5.7500291e+03	   7.8962710e-04	
   5.8000236e+03	   7.8521770e-04	
   5.8500175e+03	   7.7873830e-04	
   5.9000406e+03	   7.6758160e-04	
   5.9500351e+03	   7.4989450e-04	
   6.0000291e+03	   7.2444000e-04	
   6.0500236e+03	   6.9340250e-04	
   6.1000175e+03	   6.5418740e-04	
   6.1500406e+03	   6.0621930e-04	
   6.2000351e+03	   5.5012680e-04	
   6.2500291e+03	   4.8937570e-04	
   6.3000236e+03	   4.2317840e-04	
   6.3500175e+03	   3.5746040e-04	
   6.4000406e+03	   2.9518110e-04	
   6.4500351e+03	   2.3419190e-04	
   6.5000291e+03	   1.8261720e-04	
   6.5500236e+03	   1.3884660e-04	
   6.6000175e+03	   1.0264020e-04	
   6.6500406e+03	   7.3202150e-05	
   6.7000351e+03	   5.1119920e-05	
   6.7500291e+03	   3.6120070e-05	
   6.8000236e+03	   2.5626460e-05	
   6.8500175e+03	   1.8192740e-05	
   6.9000406e+03	   1.3902310e-05	
   6.9500351e+03	   1.1767170e-05	
   7.0000291e+03	   1.0145780e-05	
   7.0500236e+03	   8.8580540e-06	
   7.1000175e+03	   8.1651520e-06	
   7.1500406e+03	   7.6772200e-06	
   7.2000351e+03	   7.0940140e-06	
