   5.5000291e+03	   8.0074880e-04	
   5.5500236e+03	   8.0044670e-04	
   5.6000175e+03	   7.9974250e-04	
   5.6500406e+03	   7.9868750e-04	
   5.7000351e+03	   7.9748340e-04	
   5.7500291e+03	   7.9575760e-04	
   5.8000236e+03	   7.9228940e-04	
   5.8500175e+03	   7.8578560e-04	
   5.9000406e+03	   7.7679810e-04	
   5.9500351e+03	   7.6606460e-04	
   6.0000582e+03	   7.5282160e-04	
   6.0500236e+03	   7.3470690e-04	
   6.1000175e+03	   7.1171750e-04	
   6.1500406e+03	   6.8370620e-04	
   6.2000351e+03	   6.5088670e-04	
   6.2500291e+03	   6.1372500e-04	
   6.3000236e+03	   5.7210690e-04	
   6.3500175e+03	   5.2569770e-04	
   6.4000406e+03	   4.7417290e-04	
   6.4500351e+03	   4.2394270e-04	
   6.5000291e+03	   3.7136700e-04	
   6.5500236e+03	   3.2007530e-04	
   6.6000175e+03	   2.7026060e-04	
   6.6500406e+03	   2.2570600e-04	
   6.7000351e+03	   1.8518870e-04	
   6.7500291e+03	   1.4876940e-04	
   6.8000236e+03	   1.1598300e-04	
   6.8500175e+03	   9.0710950e-05	
   6.9000406e+03	   7.0769100e-05	
   6.9500351e+03	   5.4949180e-05	
   7.0000291e+03	   4.1380460e-05	
   7.0500236e+03	   3.1209380e-05	
   7.1000175e+03	   2.4052230e-05	
   7.1500406e+03	   1.8871800e-05	
   7.2000351e+03	   1.5051120e-05	
   7.2500291e+03	   1.1927710e-05	
   7.3000236e+03	   1.0029270e-05	
