   4.2999940e+03	   8.1204390e-04	
   4.3500175e+03	   8.1189640e-04	
   4.4000702e+03	   8.1178240e-04	
   4.4500351e+03	   8.1161040e-04	
   4.5000291e+03	   8.1136490e-04	
   4.5500236e+03	   8.1125270e-04	
   4.6000175e+03	   8.1088420e-04	
   4.6500406e+03	   8.1060290e-04	
   4.7000351e+03	   8.1009960e-04	
   4.7500000e+03	   8.0901670e-04	
   4.8000236e+03	   8.0439900e-04	
   4.8500175e+03	   7.9261230e-04	
   4.9000406e+03	   7.6115380e-04	
   4.9500351e+03	   6.9571370e-04	
   5.0000291e+03	   5.8581770e-04	
   5.0500236e+03	   4.3458510e-04	
   5.1000175e+03	   2.8930360e-04	
   5.1500406e+03	   1.6735810e-04	
   5.2000351e+03	   9.5035350e-05	
   5.2500291e+03	   5.5560090e-05	
   5.3000236e+03	   3.8217510e-05	
   5.3500175e+03	   3.1603200e-05	
   5.4000702e+03	   2.8970360e-05	
   5.4500351e+03	   2.8978180e-05	
   5.5000291e+03	   2.9604670e-05	
   5.5499940e+03	   2.8516230e-05	
   5.6000175e+03	   2.8076550e-05	
