   4.9000115e+03	   8.0770960e-04	
   4.9249940e+03	   8.0598790e-04	
   4.9500351e+03	   8.0220290e-04	
   4.9750175e+03	   7.9550940e-04	
   5.0000291e+03	   7.8707830e-04	
   5.0250406e+03	   7.7544570e-04	
   5.0500236e+03	   7.6076380e-04	
   5.0750351e+03	   7.3874800e-04	
   5.1000175e+03	   7.1399110e-04	
   5.1250291e+03	   6.8446420e-04	
   5.1500406e+03	   6.4440030e-04	
   5.1750236e+03	   5.9716500e-04	
   5.2000351e+03	   5.4526070e-04	
   5.2250175e+03	   4.9403340e-04	
   5.2500291e+03	   4.3801970e-04	
   5.2750406e+03	   3.7943830e-04	
   5.2999940e+03	   3.2355570e-04	
   5.3250351e+03	   2.7089400e-04	
   5.3500175e+03	   2.2499120e-04	
   5.3750291e+03	   1.8367550e-04	
   5.4000115e+03	   1.4532560e-04	
   5.4250236e+03	   1.1353370e-04	
   5.4500351e+03	   9.1259020e-05	
   5.4750175e+03	   7.4424180e-05	
   5.5000291e+03	   5.9920760e-05	
   5.5250406e+03	   4.7091660e-05	
   5.5500236e+03	   3.7124380e-05	
   5.5750351e+03	   3.1547180e-05	
   5.6000175e+03	   2.7578150e-05	
   5.6250291e+03	   2.4132770e-05	
   5.6500406e+03	   2.1538530e-05	
   5.6750236e+03	   2.0169480e-05	
   5.7000351e+03	   1.9373770e-05	
