   5.0000291e+03	   7.9946920e-04	
   5.0500236e+03	   7.9660440e-04	
   5.1000175e+03	   7.8915750e-04	
   5.1500406e+03	   7.7808310e-04	
   5.2000351e+03	   7.5962950e-04	
   5.2500291e+03	   7.2594350e-04	
   5.3000236e+03	   6.8021570e-04	
   5.3500175e+03	   6.2276820e-04	
   5.4000406e+03	   5.5269140e-04	
   5.4500351e+03	   4.7125260e-04	
   5.5000291e+03	   3.8543040e-04	
   5.5500236e+03	   3.0098840e-04	
   5.6000175e+03	   2.2606560e-04	
   5.6500406e+03	   1.6497690e-04	
   5.7000351e+03	   1.1458510e-04	
   5.7500291e+03	   7.7507370e-05	
   5.8000236e+03	   5.0591340e-05	
   5.8500175e+03	   3.3104620e-05	
   5.9000406e+03	   2.4194810e-05	
   5.9500351e+03	   1.8894870e-05	
   6.0000291e+03	   1.5495910e-05	
