   5.0999885e+03	   7.9765670e-04	
   5.1500406e+03	   7.9556900e-04	
   5.2000351e+03	   7.9273610e-04	
   5.2500291e+03	   7.8842230e-04	
   5.3000236e+03	   7.8014940e-04	
   5.3500175e+03	   7.6644080e-04	
   5.4000406e+03	   7.4889970e-04	
   5.4500351e+03	   7.2405020e-04	
   5.5000291e+03	   6.8824840e-04	
   5.5500236e+03	   6.4391010e-04	
   5.6000175e+03	   5.9160220e-04	
   5.6500406e+03	   5.3299650e-04	
   5.7000642e+03	   4.6542540e-04	
   5.7500291e+03	   3.9342310e-04	
   5.8000236e+03	   3.2042400e-04	
   5.8500175e+03	   2.5178790e-04	
   5.9000406e+03	   1.9424900e-04	
   5.9500351e+03	   1.4326500e-04	
   6.0000291e+03	   1.0301780e-04	
   6.0500236e+03	   7.1479680e-05	
   6.1000175e+03	   4.8803510e-05	
   6.1500406e+03	   3.4064790e-05	
   6.2000351e+03	   2.4365500e-05	
   6.2500291e+03	   1.8328030e-05	
   6.3000236e+03	   1.5133170e-05	
   6.3500175e+03	   1.2858220e-05	
   6.4000406e+03	   1.1412900e-05	
