226.000	1.000	0.600	6430.000	6565.000
6.430000E+3	3.300000E+1
6.430600E+3	3.700000E+1
6.431200E+3	3.200000E+1
6.431800E+3	2.900000E+1
6.432400E+3	2.800000E+1
6.433000E+3	4.400000E+1
6.433600E+3	2.100000E+1
6.434200E+3	4.900000E+1
6.434800E+3	1.900000E+1
6.435400E+3	2.900000E+1
6.436000E+3	1.700000E+1
6.436600E+3	1.800000E+1
6.437200E+3	2.200000E+1
6.437800E+3	2.300000E+1
6.438400E+3	2.100000E+1
6.439000E+3	1.100000E+1
6.439600E+3	1.600000E+1
6.440200E+3	2.300000E+1
6.440800E+3	1.200000E+1
6.441400E+3	3.400000E+1
6.442000E+3	3.900000E+1
6.442600E+3	4.300000E+1
6.443200E+3	1.400000E+1
6.443800E+3	2.700000E+1
6.444400E+3	5.200000E+1
6.445000E+3	3.000000E+1
6.445600E+3	2.400000E+1
6.446200E+3	5.000000E+1
6.446800E+3	3.600000E+1
6.447400E+3	1.700000E+1
6.448000E+3	1.700000E+1
6.448600E+3	1.000000E+1
6.449200E+3	2.800000E+1
6.449800E+3	4.700000E+1
6.450400E+3	2.000000E+1
6.451000E+3	2.300000E+1
6.451600E+3	4.500000E+1
6.452200E+3	5.000000E+1
6.452800E+3	5.300000E+1
6.453400E+3	1.400000E+1
6.454000E+3	2.200000E+1
6.454600E+3	3.100000E+1
6.455200E+3	1.800000E+1
6.455800E+3	2.700000E+1
6.456400E+3	4.100000E+1
6.457000E+3	1.200000E+1
6.457600E+3	1.900000E+1
6.458200E+3	5.000000E+1
6.458800E+3	3.100000E+1
6.459400E+3	1.200000E+1
6.460000E+3	2.400000E+1
6.460600E+3	2.100000E+1
6.461200E+3	1.400000E+1
6.461800E+3	4.700000E+1
6.462400E+3	1.600000E+1
6.463000E+3	2.900000E+1
6.463600E+3	4.300000E+1
6.464200E+3	1.200000E+1
6.464800E+3	5.100000E+1
6.465400E+3	2.800000E+1
6.466000E+3	2.000000E+1
6.466600E+3	4.800000E+1
6.467200E+3	1.100000E+1
6.467800E+3	2.600000E+1
6.468400E+3	4.600000E+1
6.469000E+3	2.100000E+1
6.469600E+3	2.100000E+1
6.470200E+3	4.000000E+1
6.470800E+3	2.500000E+1
6.471400E+3	5.500000E+1
6.472000E+3	3.000000E+1
6.472600E+3	2.500000E+1
6.473200E+3	2.200000E+1
6.473800E+3	1.200000E+1
6.474400E+3	2.000000E+1
6.475000E+3	3.400000E+1
6.475600E+3	3.200000E+1
6.476200E+3	2.000000E+1
6.476800E+3	3.400000E+1
6.477400E+3	2.100000E+1
6.478000E+3	1.300000E+1
6.478600E+3	2.300000E+1
6.479200E+3	2.200000E+1
6.479800E+3	3.000000E+1
6.480400E+3	2.300000E+1
6.481000E+3	3.000000E+1
6.481600E+3	1.500000E+1
6.482200E+3	3.200000E+1
6.482800E+3	2.400000E+1
6.483400E+3	2.500000E+1
6.484000E+3	0.000000E+0
