   6.0000291e+03	   8.2609010e-04	
   6.0500236e+03	   8.2561620e-04	
   6.1000175e+03	   8.2481170e-04	
   6.1500406e+03	   8.2318600e-04	
   6.2000351e+03	   8.1907120e-04	
   6.2500291e+03	   8.0800140e-04	
   6.3000236e+03	   7.8555180e-04	
   6.3500175e+03	   7.4314650e-04	
   6.4000406e+03	   6.7176960e-04	
   6.4500351e+03	   5.6856440e-04	
   6.5000291e+03	   4.3868080e-04	
   6.5500236e+03	   3.0688010e-04	
   6.6000175e+03	   1.9737230e-04	
   6.6500406e+03	   1.1873660e-04	
   6.7000351e+03	   6.5588050e-05	
   6.7500291e+03	   3.4594810e-05	
   6.8000236e+03	   1.8472010e-05	
   6.8500175e+03	   1.2311690e-05	
   6.9000406e+03	   1.0108520e-05	
   6.9500351e+03	   9.1926670e-06	
   7.0000291e+03	   8.6188280e-06	
