   5.0000000e+03	   8.3302890e-04	
   5.0500236e+03	   8.3241280e-04	
   5.1000175e+03	   8.3174980e-04	
   5.1500406e+03	   8.3113970e-04	
   5.2000351e+03	   8.3048200e-04	
   5.2500291e+03	   8.2730760e-04	
   5.3000236e+03	   8.1803420e-04	
   5.3500175e+03	   7.9767590e-04	
   5.4000406e+03	   7.5891100e-04	
   5.4500351e+03	   6.9439940e-04	
   5.5000291e+03	   6.0021490e-04	
   5.5500236e+03	   4.7864910e-04	
   5.6000175e+03	   3.4389720e-04	
   5.6500406e+03	   2.2874200e-04	
   5.7000351e+03	   1.3734440e-04	
   5.7500291e+03	   7.6867230e-05	
   5.8000526e+03	   4.0902610e-05	
   5.8499885e+03	   2.1352450e-05	
   5.9000406e+03	   1.3132700e-05	
   5.9500351e+03	   1.0882440e-05	
   6.0000291e+03	   9.6582730e-06	
   6.0500236e+03	   8.9079920e-06	
   6.1000175e+03	   8.7079570e-06	
   6.1500406e+03	   8.5423440e-06	
   6.2000351e+03	   8.2892680e-06	
