   5.0000291e+03	   8.3986700e-04	
   5.0500236e+03	   8.3893150e-04	
   5.1000175e+03	   8.3803790e-04	
   5.1500406e+03	   8.3753610e-04	
   5.2000351e+03	   8.3682840e-04	
   5.2500291e+03	   8.3367640e-04	
   5.3000236e+03	   8.2343020e-04	
   5.3500175e+03	   8.0106240e-04	
   5.4000406e+03	   7.5843250e-04	
   5.4500351e+03	   6.8691340e-04	
   5.5000291e+03	   5.8418260e-04	
   5.5500236e+03	   4.5567700e-04	
   5.6000175e+03	   3.2227750e-04	
   5.6500406e+03	   2.0827050e-04	
   5.7000351e+03	   1.2277660e-04	
   5.7500291e+03	   6.7215330e-05	
   5.8000236e+03	   3.5483240e-05	
   5.8500175e+03	   1.8776180e-05	
   5.9000406e+03	   1.2103830e-05	
   5.9500351e+03	   1.0342040e-05	
   6.0000291e+03	   9.3691170e-06	
   6.0500236e+03	   9.1028420e-06	
   6.1000175e+03	   8.7841440e-06	
   6.1500406e+03	   8.5556450e-06	
   6.2000351e+03	   8.3250440e-06	
