   5.0000000e+03	   8.3655690e-04	
   5.0500236e+03	   8.3545470e-04	
   5.1000175e+03	   8.3478490e-04	
   5.1500406e+03	   8.3441570e-04	
   5.2000351e+03	   8.3383760e-04	
   5.2500291e+03	   8.3036620e-04	
   5.3000236e+03	   8.2095190e-04	
   5.3500175e+03	   7.9662890e-04	
   5.4000406e+03	   7.4956630e-04	
   5.4500351e+03	   6.7241260e-04	
   5.5000291e+03	   5.5964200e-04	
   5.5500236e+03	   4.2256810e-04	
   5.6000175e+03	   2.8595940e-04	
   5.6500406e+03	   1.8022940e-04	
   5.7000351e+03	   1.0197840e-04	
   5.7500291e+03	   5.4167020e-05	
   5.8000236e+03	   2.8168850e-05	
   5.8500175e+03	   1.5456000e-05	
   5.9000406e+03	   1.1262730e-05	
   5.9500351e+03	   9.7380670e-06	
   6.0000291e+03	   9.3098670e-06	
   6.0500236e+03	   8.8475390e-06	
   6.1000175e+03	   8.7608530e-06	
   6.1500406e+03	   8.5517390e-06	
   6.2000351e+03	   8.2757970e-06	
