   5.0000000e+03	   8.3704370e-04	
   5.0500236e+03	   8.3632380e-04	
   5.1000175e+03	   8.3557720e-04	
   5.1500406e+03	   8.3542770e-04	
   5.2000351e+03	   8.3499650e-04	
   5.2500291e+03	   8.3188860e-04	
   5.3000236e+03	   8.1948390e-04	
   5.3500175e+03	   7.9384820e-04	
   5.4000406e+03	   7.4148650e-04	
   5.4500351e+03	   6.5397760e-04	
   5.5000291e+03	   5.3744830e-04	
   5.5500236e+03	   3.9114880e-04	
   5.6000175e+03	   2.5043130e-04	
   5.6500406e+03	   1.4703350e-04	
   5.7000351e+03	   8.0073080e-05	
   5.7500291e+03	   4.1644990e-05	
   5.8000236e+03	   2.1910940e-05	
   5.8500175e+03	   1.3124360e-05	
   5.9000406e+03	   1.0236700e-05	
   5.9500351e+03	   9.4704420e-06	
   6.0000291e+03	   9.1912590e-06	
   6.0500236e+03	   8.8622370e-06	
   6.1000175e+03	   8.7338980e-06	
   6.1500406e+03	   8.4534610e-06	
   6.2000351e+03	   8.1649250e-06	
