   5.0000291e+03	   8.3032240e-04	
   5.0500236e+03	   8.2940670e-04	
   5.1000175e+03	   8.2886960e-04	
   5.1500406e+03	   8.2888230e-04	
   5.2000351e+03	   8.2844160e-04	
   5.2500291e+03	   8.2475530e-04	
   5.3000236e+03	   8.1284730e-04	
   5.3500175e+03	   7.8529400e-04	
   5.4000406e+03	   7.2562140e-04	
   5.4500351e+03	   6.2341410e-04	
   5.5000291e+03	   4.8635950e-04	
   5.5500236e+03	   3.3395930e-04	
   5.6000175e+03	   2.0348480e-04	
   5.6500406e+03	   1.1198170e-04	
   5.7000351e+03	   5.8566210e-05	
   5.7500291e+03	   2.9796110e-05	
   5.8000236e+03	   1.5588020e-05	
   5.8500175e+03	   1.1364570e-05	
   5.9000406e+03	   1.0188930e-05	
   5.9500351e+03	   9.1636090e-06	
   6.0000291e+03	   8.8963120e-06	
   6.0500236e+03	   8.8449620e-06	
   6.1000175e+03	   8.5650020e-06	
   6.1500406e+03	   8.3292890e-06	
   6.2000351e+03	   8.0202430e-06	
