   5.0000000e+03	   8.3537920e-04	
   5.0500236e+03	   8.3482550e-04	
   5.1000175e+03	   8.3448820e-04	
   5.1500406e+03	   8.3424250e-04	
   5.2000351e+03	   8.3391390e-04	
   5.2500291e+03	   8.3363960e-04	
   5.3000236e+03	   8.3350020e-04	
   5.3500175e+03	   8.3362690e-04	
   5.4000406e+03	   8.3351180e-04	
   5.4500351e+03	   8.3098990e-04	
   5.5000291e+03	   8.2233130e-04	
   5.5500236e+03	   7.9999660e-04	
   5.6000175e+03	   7.4997550e-04	
   5.6500406e+03	   6.5972040e-04	
   5.7000351e+03	   5.2261820e-04	
   5.7500291e+03	   3.5852710e-04	
   5.8000236e+03	   2.1428080e-04	
   5.8500175e+03	   1.1297010e-04	
   5.9000406e+03	   5.4724530e-05	
   5.9500351e+03	   2.6199740e-05	
   6.0000291e+03	   1.4136190e-05	
   6.0500236e+03	   1.0426880e-05	
   6.1000175e+03	   9.6887840e-06	
   6.1500406e+03	   9.3578740e-06	
   6.2000351e+03	   9.1576940e-06	
