   5.4000115e+03	   8.3665280e-04	
   5.4500351e+03	   8.3587250e-04	
   5.5000291e+03	   8.3522360e-04	
   5.5500236e+03	   8.3484950e-04	
   5.6000175e+03	   8.3435440e-04	
   5.6500406e+03	   8.3426950e-04	
   5.7000351e+03	   8.3424510e-04	
   5.7500291e+03	   8.3249880e-04	
   5.8000236e+03	   8.2402010e-04	
   5.8500175e+03	   8.0052910e-04	
   5.9000406e+03	   7.4684870e-04	
   5.9500351e+03	   6.4025320e-04	
   6.0000291e+03	   4.8574840e-04	
   6.0500236e+03	   3.1259390e-04	
   6.1000175e+03	   1.7430410e-04	
   6.1500406e+03	   8.6623240e-05	
   6.2000351e+03	   4.1300390e-05	
   6.2500291e+03	   1.9946780e-05	
   6.3000236e+03	   1.1795970e-05	
   6.3500175e+03	   9.8700630e-06	
   6.4000406e+03	   9.3386740e-06	
   6.4500351e+03	   8.9643710e-06	
   6.5000291e+03	   8.7479880e-06	
   6.5500236e+03	   8.5476030e-06	
   6.6000175e+03	   8.3231790e-06	
