   5.0000000e+03	   8.2581330e-04	
   5.0500236e+03	   8.2557040e-04	
   5.1000175e+03	   8.2580400e-04	
   5.1500406e+03	   8.2609680e-04	
   5.2000351e+03	   8.2603960e-04	
   5.2500291e+03	   8.2261700e-04	
   5.3000236e+03	   8.1255990e-04	
   5.3500175e+03	   7.8315120e-04	
   5.4000406e+03	   7.1580870e-04	
   5.4500351e+03	   6.0136910e-04	
   5.5000291e+03	   4.4440360e-04	
   5.5500236e+03	   2.8005610e-04	
   5.6000175e+03	   1.5002450e-04	
   5.6500406e+03	   7.3098910e-05	
   5.7000351e+03	   3.4807990e-05	
   5.7500291e+03	   1.6633920e-05	
   5.8000236e+03	   1.1339010e-05	
   5.8500175e+03	   1.0248080e-05	
   5.9000406e+03	   9.3969190e-06	
   5.9500351e+03	   9.0694790e-06	
   6.0000291e+03	   8.9626110e-06	
