   5.0000000e+03	   8.3021940e-04	
   5.0500236e+03	   8.2983310e-04	
   5.1000175e+03	   8.2991580e-04	
   5.1500406e+03	   8.2998460e-04	
   5.2000351e+03	   8.2969860e-04	
   5.2500291e+03	   8.2618290e-04	
   5.3000236e+03	   8.1534890e-04	
   5.3500175e+03	   7.8416140e-04	
   5.4000406e+03	   7.1076050e-04	
   5.4500351e+03	   5.7971680e-04	
   5.5000291e+03	   4.0804550e-04	
   5.5500236e+03	   2.4148160e-04	
   5.6000175e+03	   1.2231010e-04	
   5.6500406e+03	   5.3739070e-05	
   5.7000351e+03	   2.4473720e-05	
   5.7500291e+03	   1.3685280e-05	
   5.8000236e+03	   1.0622050e-05	
   5.8500175e+03	   9.8993280e-06	
   5.9000406e+03	   9.2944470e-06	
   5.9500351e+03	   9.1330850e-06	
   6.0000291e+03	   9.1302770e-06	
