   5.0000000e+03	   8.2518490e-04	
   5.0500236e+03	   8.2500940e-04	
   5.1000175e+03	   8.2500700e-04	
   5.1500406e+03	   8.2505160e-04	
   5.2000351e+03	   8.2430120e-04	
   5.2500291e+03	   8.2060960e-04	
   5.3000236e+03	   8.0720880e-04	
   5.3500175e+03	   7.6453950e-04	
   5.4000406e+03	   6.6737300e-04	
   5.4500351e+03	   5.0564060e-04	
   5.5000291e+03	   3.1604300e-04	
   5.5500236e+03	   1.6064270e-04	
   5.6000175e+03	   7.0563710e-05	
   5.6500406e+03	   3.0288120e-05	
   5.7000351e+03	   1.5353170e-05	
   5.7500291e+03	   1.0829490e-05	
   5.8000236e+03	   9.7935870e-06	
   5.8500175e+03	   9.3431220e-06	
   5.9000406e+03	   9.2655310e-06	
   5.9500351e+03	   9.3192300e-06	
   6.0000291e+03	   9.1062380e-06	
