   5.0000000e+03	   8.2762660e-04	
   5.0500236e+03	   8.2737920e-04	
   5.1000175e+03	   8.2734370e-04	
   5.1500406e+03	   8.2725960e-04	
   5.2000351e+03	   8.2672360e-04	
   5.2500291e+03	   8.2344290e-04	
   5.3000236e+03	   8.1097280e-04	
   5.3500175e+03	   7.7045570e-04	
   5.4000406e+03	   6.6211700e-04	
   5.4500351e+03	   4.8123950e-04	
   5.5000291e+03	   2.9099400e-04	
   5.5500236e+03	   1.4045900e-04	
   5.6000175e+03	   5.7715300e-05	
   5.6500406e+03	   2.4630230e-05	
   5.7000351e+03	   1.3407300e-05	
   5.7500291e+03	   1.0494920e-05	
   5.8000526e+03	   9.9242910e-06	
   5.8500175e+03	   9.3099420e-06	
   5.9000702e+03	   9.1924590e-06	
   5.9500351e+03	   9.2790510e-06	
   6.0000291e+03	   9.0557070e-06	
