   5.0000000e+03	   8.2273870e-04	
   5.0500236e+03	   8.2259180e-04	
   5.1000175e+03	   8.2233380e-04	
   5.1500406e+03	   8.2221560e-04	
   5.2000351e+03	   8.2204570e-04	
   5.2500291e+03	   8.2029790e-04	
   5.3000236e+03	   8.1081230e-04	
   5.3500175e+03	   7.7041590e-04	
   5.4000406e+03	   6.5414340e-04	
   5.4500351e+03	   4.5849010e-04	
   5.5000291e+03	   2.5165870e-04	
   5.5500236e+03	   1.0647120e-04	
   5.6000175e+03	   3.9955020e-05	
   5.6500406e+03	   1.7379110e-05	
   5.7000351e+03	   1.1713620e-05	
   5.7500291e+03	   9.9777580e-06	
   5.8000236e+03	   9.6904420e-06	
   5.8500175e+03	   9.3200180e-06	
   5.9000702e+03	   9.4195080e-06	
   5.9500351e+03	   9.4004610e-06	
   6.0000291e+03	   8.8933430e-06	
