   4.7000060e+03	   8.3964900e-04	
   4.7500291e+03	   8.3918660e-04	
   4.8000236e+03	   8.3868040e-04	
   4.8500175e+03	   8.3818750e-04	
   4.9000406e+03	   8.3719180e-04	
   4.9500351e+03	   8.2811800e-04	
   5.0000291e+03	   7.7185940e-04	
   5.0500236e+03	   6.0449530e-04	
   5.1000175e+03	   3.5830160e-04	
   5.1500406e+03	   1.3973190e-04	
   5.2000351e+03	   3.7799810e-05	
   5.2500291e+03	   1.3714070e-05	
   5.3000236e+03	   1.0409860e-05	
   5.3500175e+03	   9.8214610e-06	
   5.4000406e+03	   9.4131560e-06	
