   5.2999940e+03	   8.4853700e-04	
   5.3250351e+03	   8.4845070e-04	
   5.3500175e+03	   8.4847180e-04	
   5.3750000e+03	   8.4814350e-04	
   5.4000406e+03	   8.4806820e-04	
   5.4250236e+03	   8.4777890e-04	
   5.4500351e+03	   8.4679170e-04	
   5.4749885e+03	   8.4381780e-04	
   5.5000291e+03	   8.3400000e-04	
   5.5250406e+03	   8.0911850e-04	
   5.5500236e+03	   7.5543890e-04	
   5.5750351e+03	   6.7102010e-04	
   5.6000175e+03	   5.5358080e-04	
   5.6250291e+03	   4.0763800e-04	
   5.6500406e+03	   2.7140020e-04	
   5.6750236e+03	   1.5336960e-04	
   5.7000060e+03	   7.2758900e-05	
   5.7250175e+03	   3.3092750e-05	
   5.7500000e+03	   1.7179920e-05	
   5.7750406e+03	   1.2510810e-05	
   5.8000236e+03	   1.1618880e-05	
   5.8250351e+03	   1.1267200e-05	
   5.8500175e+03	   1.1100010e-05	
   5.8750291e+03	   1.0894420e-05	
   5.9000406e+03	   1.0596570e-05	
