   5.5000000e+03	   8.4712900e-04	
   5.5500236e+03	   8.4695710e-04	
   5.6000175e+03	   8.4661810e-04	
   5.6500406e+03	   8.4623550e-04	
   5.7000351e+03	   8.4277630e-04	
   5.7500291e+03	   8.1015330e-04	
   5.8000236e+03	   6.6898410e-04	
   5.8500175e+03	   3.7655600e-04	
   5.9000406e+03	   1.1446050e-04	
   5.9500351e+03	   2.2776480e-05	
   6.0000291e+03	   1.1971960e-05	
   6.0500236e+03	   1.1426180e-05	
   6.1000466e+03	   1.0882240e-05	
   6.1500406e+03	   1.0237620e-05	
   6.2000351e+03	   9.7912330e-06	
