   5.5999885e+03	   8.4752270e-04	
   5.6250291e+03	   8.4741210e-04	
   5.6500406e+03	   8.4716430e-04	
   5.6750236e+03	   8.4659590e-04	
   5.7000351e+03	   8.4466660e-04	
   5.7250175e+03	   8.3872440e-04	
   5.7500291e+03	   8.2326100e-04	
   5.7750406e+03	   7.8932460e-04	
   5.8000236e+03	   7.1942400e-04	
   5.8250351e+03	   6.0902820e-04	
   5.8500175e+03	   4.5487950e-04	
   5.8750291e+03	   2.9592560e-04	
   5.9000406e+03	   1.6796760e-04	
   5.9250236e+03	   8.2972820e-05	
   5.9500351e+03	   3.7870270e-05	
   5.9750175e+03	   1.9711050e-05	
   6.0000000e+03	   1.3732830e-05	
   6.0250406e+03	   1.1833050e-05	
   6.0500236e+03	   1.1516710e-05	
   6.0750351e+03	   1.1510920e-05	
   6.1000175e+03	   1.1372720e-05	
   6.1250291e+03	   1.1151070e-05	
   6.1500406e+03	   1.0994600e-05	
   6.1750236e+03	   1.0671330e-05	
   6.2000351e+03	   1.0393960e-05	
