   5.5000000e+03	   8.4805020e-04	
   5.5500236e+03	   8.4713370e-04	
   5.6000175e+03	   8.4659650e-04	
   5.6500406e+03	   8.4592760e-04	
   5.7000351e+03	   8.4542930e-04	
   5.7500291e+03	   8.4489100e-04	
   5.8000236e+03	   8.4361130e-04	
   5.8500175e+03	   8.3382180e-04	
   5.9000406e+03	   7.7565490e-04	
   5.9500351e+03	   5.8141070e-04	
   6.0000291e+03	   2.6833040e-04	
   6.0500236e+03	   7.4615930e-05	
   6.1000175e+03	   2.0327080e-05	
   6.1500406e+03	   1.1996680e-05	
   6.2000351e+03	   1.1689150e-05	
