   6.0000291e+03	   8.6155250e-04	
   6.0500236e+03	   8.6057950e-04	
   6.1000175e+03	   8.5936310e-04	
   6.1500406e+03	   8.5354180e-04	
   6.2000351e+03	   8.2784020e-04	
   6.2500291e+03	   7.3639160e-04	
   6.3000236e+03	   5.5146370e-04	
   6.3500175e+03	   3.2414310e-04	
   6.4000406e+03	   1.3573930e-04	
   6.4500351e+03	   4.5029190e-05	
   6.5000291e+03	   1.8546060e-05	
   6.5500236e+03	   1.4122160e-05	
   6.6000175e+03	   1.3286880e-05	
   6.6500406e+03	   1.3063060e-05	
   6.7000351e+03	   1.2237820e-05	
