   6.2999940e+03	   8.6662570e-04	
   6.3250060e+03	   8.6583090e-04	
   6.3500175e+03	   8.6508380e-04	
   6.3750291e+03	   8.6439520e-04	
   6.4000406e+03	   8.6326590e-04	
   6.4250236e+03	   8.6085360e-04	
   6.4500351e+03	   8.5777000e-04	
   6.4749885e+03	   8.5145210e-04	
   6.5000291e+03	   8.3903250e-04	
   6.5250406e+03	   8.1883460e-04	
   6.5500236e+03	   7.8703360e-04	
   6.5750351e+03	   7.4245450e-04	
   6.5999885e+03	   6.8319540e-04	
   6.6250291e+03	   6.1142290e-04	
   6.6500406e+03	   5.2936620e-04	
   6.6750236e+03	   4.3669300e-04	
   6.7000060e+03	   3.4601110e-04	
   6.7249885e+03	   2.6380750e-04	
   6.7500291e+03	   1.9067580e-04	
   6.7750406e+03	   1.3286530e-04	
   6.8000236e+03	   8.8442100e-05	
   6.8250351e+03	   5.8031010e-05	
   6.8500175e+03	   3.7025990e-05	
   6.8750291e+03	   2.6417790e-05	
   6.9000406e+03	   2.0385290e-05	
   6.9250236e+03	   1.7189980e-05	
   6.9500060e+03	   1.6022470e-05	
   6.9750175e+03	   1.4826520e-05	
   7.0000291e+03	   1.4177880e-05	
