   5.0000000e+03	   5.8704690e-04	
   5.1000175e+03	   5.8719250e-04	
   5.2000642e+03	   5.8190360e-04	
   5.3000526e+03	   5.7017110e-04	
   5.4000406e+03	   5.4236360e-04	
   5.5000582e+03	   4.8935020e-04	
   5.6000466e+03	   4.1129290e-04	
   5.7000642e+03	   3.1120010e-04	
   5.8000526e+03	   2.0582540e-04	
   5.9000406e+03	   1.2284600e-04	
   6.0000291e+03	   6.0973320e-05	
   6.1000466e+03	   3.0099530e-05	
   6.2000351e+03	   1.8995890e-05	
   6.3000236e+03	   1.3593900e-05	
   6.4000406e+03	   1.1359420e-05	
   6.5000582e+03	   1.0191160e-05	
   6.6000466e+03	   9.7655470e-06	
   6.7000642e+03	   9.4113150e-06	
   6.8000526e+03	   9.0867000e-06	
   6.9000406e+03	   8.7818440e-06	
   7.0000291e+03	   8.5031850e-06	
