   5.0000000e+03	   5.8610030e-04	
   5.1000175e+03	   5.8652040e-04	
   5.2000642e+03	   5.8755440e-04	
   5.3000236e+03	   5.8738310e-04	
   5.4000406e+03	   5.8506200e-04	
   5.5000582e+03	   5.8432380e-04	
   5.6000466e+03	   5.7479600e-04	
   5.7000351e+03	   5.5453660e-04	
   5.8000236e+03	   5.1001140e-04	
   5.9000406e+03	   4.3594940e-04	
   6.0000291e+03	   3.3898720e-04	
   6.1000466e+03	   2.3463490e-04	
   6.2000351e+03	   1.4596520e-04	
   6.3000236e+03	   7.8925120e-05	
   6.4000406e+03	   3.8826660e-05	
   6.5000291e+03	   1.9503620e-05	
   6.6000466e+03	   1.1971570e-05	
   6.7000642e+03	   9.3103580e-06	
   6.8000526e+03	   8.1750520e-06	
   6.9000406e+03	   7.5157960e-06	
   7.0000291e+03	   7.1859080e-06	
