   5.0000291e+03	   5.8608730e-04	
   5.1000466e+03	   5.8649850e-04	
   5.2000642e+03	   5.8797450e-04	
   5.3000236e+03	   5.8821360e-04	
   5.4000406e+03	   5.8758040e-04	
   5.5000582e+03	   5.8849250e-04	
   5.6000466e+03	   5.8853710e-04	
   5.7000642e+03	   5.8852970e-04	
   5.8000236e+03	   5.8810130e-04	
   5.9000406e+03	   5.8594120e-04	
   6.0000291e+03	   5.7676490e-04	
   6.1000466e+03	   5.5543160e-04	
   6.2000642e+03	   5.1317330e-04	
   6.3000236e+03	   4.4703250e-04	
   6.4000406e+03	   3.5727110e-04	
   6.5000582e+03	   2.5975480e-04	
   6.6000175e+03	   1.6374330e-04	
   6.7000642e+03	   8.9699090e-05	
   6.8000236e+03	   4.3523890e-05	
   6.9000406e+03	   1.8914720e-05	
   7.0000291e+03	   9.4522970e-06	
