   5.0000291e+03	   5.8026830e-04	
   5.1000175e+03	   5.7979340e-04	
   5.2000642e+03	   5.8007150e-04	
   5.3000236e+03	   5.8092400e-04	
   5.4000406e+03	   5.7939850e-04	
   5.5000582e+03	   5.8111620e-04	
   5.6000466e+03	   5.8156710e-04	
   5.7000642e+03	   5.8051990e-04	
   5.8000526e+03	   5.7810320e-04	
   5.9000406e+03	   5.6823830e-04	
   6.0000291e+03	   5.4599430e-04	
   6.1000466e+03	   5.0452050e-04	
   6.2000642e+03	   4.3621410e-04	
   6.3000526e+03	   3.5202850e-04	
   6.4000406e+03	   2.5799990e-04	
   6.5000291e+03	   1.6492150e-04	
   6.6000466e+03	   8.9454160e-05	
   6.7000642e+03	   4.3278330e-05	
   6.8000236e+03	   1.9376740e-05	
   6.9000406e+03	   9.1622820e-06	
   7.0000291e+03	   6.2221730e-06	
