   5.5000000e+03	   5.7632570e-04	
   5.6000466e+03	   5.7552020e-04	
   5.7000351e+03	   5.7470320e-04	
   5.8000526e+03	   5.7342930e-04	
   5.9000702e+03	   5.7121910e-04	
   6.0000582e+03	   5.6535270e-04	
   6.1000466e+03	   5.5238260e-04	
   6.2000351e+03	   5.3011580e-04	
   6.3000236e+03	   4.8256970e-04	
   6.4000702e+03	   4.0805400e-04	
   6.5000582e+03	   3.2183290e-04	
   6.6000466e+03	   2.3388040e-04	
   6.7000351e+03	   1.5356330e-04	
   6.8000526e+03	   9.2789250e-05	
   6.9000702e+03	   5.3075180e-05	
   7.0000582e+03	   3.2336390e-05	
   7.1000466e+03	   2.1738220e-05	
   7.2000351e+03	   1.5685520e-05	
   7.3000236e+03	   1.2474870e-05	
   7.4000702e+03	   1.0606460e-05	
   7.5000582e+03	   9.0841600e-06	
