   5.5000000e+03	   5.6978650e-04	
   5.6000175e+03	   5.6915660e-04	
   5.7000351e+03	   5.6855460e-04	
   5.8000526e+03	   5.6783970e-04	
   5.9000702e+03	   5.6669950e-04	
   6.0000582e+03	   5.6588590e-04	
   6.1000466e+03	   5.6359140e-04	
   6.2000351e+03	   5.5879810e-04	
   6.3000236e+03	   5.4909230e-04	
   6.4000702e+03	   5.2352370e-04	
   6.5000582e+03	   4.7624590e-04	
   6.6000175e+03	   4.0323070e-04	
   6.7000642e+03	   3.1208200e-04	
   6.8000526e+03	   2.1700980e-04	
   6.9000406e+03	   1.3300240e-04	
   7.0000582e+03	   7.4328860e-05	
   7.1000466e+03	   4.0493130e-05	
   7.2000642e+03	   2.3533400e-05	
   7.3000236e+03	   1.3841740e-05	
   7.4000406e+03	   1.0202680e-05	
   7.5000582e+03	   7.8908330e-06	
