   5.5000000e+03	   5.6505170e-04	
   5.6000175e+03	   5.6422640e-04	
   5.7000351e+03	   5.6358010e-04	
   5.8000526e+03	   5.6310840e-04	
   5.9000702e+03	   5.6238780e-04	
   6.0000582e+03	   5.6176520e-04	
   6.1000175e+03	   5.6098220e-04	
   6.2000351e+03	   5.5969340e-04	
   6.3000236e+03	   5.5778060e-04	
   6.4000702e+03	   5.5358820e-04	
   6.5000582e+03	   5.3865180e-04	
   6.6000175e+03	   5.0808180e-04	
   6.7000642e+03	   4.5275350e-04	
   6.8000526e+03	   3.7583540e-04	
   6.9000702e+03	   2.7895220e-04	
   7.0000291e+03	   1.8196970e-04	
   7.1000466e+03	   1.0850970e-04	
   7.2000642e+03	   5.6491120e-05	
   7.3000526e+03	   2.9537540e-05	
   7.4000406e+03	   1.6209650e-05	
   7.5000582e+03	   1.0340730e-05	
