   5.5000000e+03	   5.5757260e-04	
   5.6000175e+03	   5.5691840e-04	
   5.7000642e+03	   5.5692750e-04	
   5.8000526e+03	   5.5655180e-04	
   5.9000702e+03	   5.5601690e-04	
   6.0000582e+03	   5.5531410e-04	
   6.1000466e+03	   5.5491200e-04	
   6.2000351e+03	   5.5405320e-04	
   6.3000526e+03	   5.5347500e-04	
   6.4000702e+03	   5.5250620e-04	
   6.5000291e+03	   5.5012920e-04	
   6.6000175e+03	   5.4146350e-04	
   6.7000642e+03	   5.2051290e-04	
   6.8000526e+03	   4.8123470e-04	
   6.9000702e+03	   4.1476890e-04	
   7.0000291e+03	   3.2658430e-04	
   7.1000466e+03	   2.2836900e-04	
   7.2000351e+03	   1.4677780e-04	
   7.3000526e+03	   7.6620300e-05	
   7.4000702e+03	   3.8771640e-05	
   7.5000291e+03	   1.8783810e-05	
