   4.3000236e+03	   6.2995520e-04	
   4.3500175e+03	   6.3006240e-04	
   4.4000406e+03	   6.3022480e-04	
   4.4500351e+03	   6.3043170e-04	
   4.5000291e+03	   6.3045770e-04	
   4.5500236e+03	   6.3048310e-04	
   4.6000175e+03	   6.3025580e-04	
   4.6500406e+03	   6.3030250e-04	
   4.7000351e+03	   6.3022870e-04	
   4.7500291e+03	   6.3023040e-04	
   4.8000236e+03	   6.2984790e-04	
   4.8500175e+03	   6.2926060e-04	
   4.9000406e+03	   6.2831670e-04	
   4.9500351e+03	   6.2654100e-04	
   5.0000291e+03	   6.2375240e-04	
   5.0500236e+03	   6.1930050e-04	
   5.1000175e+03	   6.1227620e-04	
   5.1500406e+03	   6.0247870e-04	
   5.2000351e+03	   5.8805230e-04	
   5.2500291e+03	   5.6844540e-04	
   5.3000236e+03	   5.4455100e-04	
   5.3500175e+03	   5.1342920e-04	
   5.4000702e+03	   4.6720440e-04	
   5.4500060e+03	   4.3061820e-04	
   5.5000291e+03	   3.8326500e-04	
   5.5500236e+03	   3.3443380e-04	
   5.6000175e+03	   2.9030510e-04	
   5.6500406e+03	   2.3626010e-04	
   5.7000351e+03	   1.9061680e-04	
   5.7500000e+03	   1.4491680e-04	
   5.8000236e+03	   1.1105180e-04	
   5.8500175e+03	   8.0642820e-05	
   5.9000406e+03	   5.5478880e-05	
   5.9500351e+03	   3.9016960e-05	
   6.0000291e+03	   2.7639510e-05	
   6.0500236e+03	   1.8239570e-05	
   6.1000175e+03	   1.3593770e-05	
   6.1500406e+03	   1.0413380e-05	
   6.2000351e+03	   8.7714280e-06	
   6.2500291e+03	   7.7747020e-06	
   6.3000236e+03	   7.2428440e-06	
