   4.5000000e+03	   6.2824140e-04	
   4.5500236e+03	   6.2794370e-04	
   4.6000175e+03	   6.2791580e-04	
   4.6500406e+03	   6.2789240e-04	
   4.7000351e+03	   6.2751070e-04	
   4.7500291e+03	   6.2768070e-04	
   4.8000236e+03	   6.2759080e-04	
   4.8500175e+03	   6.2765670e-04	
   4.9000406e+03	   6.2773370e-04	
   4.9500351e+03	   6.2773190e-04	
   5.0000291e+03	   6.2774150e-04	
   5.0500236e+03	   6.2757020e-04	
   5.1000175e+03	   6.2729370e-04	
   5.1500406e+03	   6.2673100e-04	
   5.2000351e+03	   6.2522750e-04	
   5.2500291e+03	   6.2270470e-04	
   5.3000236e+03	   6.1862880e-04	
   5.3500175e+03	   6.1191580e-04	
   5.4000406e+03	   6.0195130e-04	
   5.4500351e+03	   5.8890830e-04	
   5.5000291e+03	   5.7089180e-04	
   5.5500236e+03	   5.4695470e-04	
   5.6000175e+03	   5.1494450e-04	
   5.6500406e+03	   4.8047070e-04	
   5.7000351e+03	   4.4354250e-04	
   5.7500000e+03	   3.9915660e-04	
   5.8000236e+03	   3.4935920e-04	
   5.8500175e+03	   3.0093150e-04	
   5.9000406e+03	   2.5277170e-04	
   5.9500351e+03	   2.0173710e-04	
   6.0000291e+03	   1.5831840e-04	
   6.0500236e+03	   1.1995390e-04	
   6.1000175e+03	   9.2719140e-05	
   6.1500406e+03	   6.7641490e-05	
   6.2000351e+03	   4.7640560e-05	
   6.2500291e+03	   3.3877830e-05	
   6.3000236e+03	   2.3604230e-05	
   6.3500175e+03	   1.7071230e-05	
   6.4000406e+03	   1.2679960e-05	
