   5.0000000e+03	   6.2690540e-04	
   5.0500236e+03	   6.2705110e-04	
   5.1000175e+03	   6.2734850e-04	
   5.1500406e+03	   6.2746040e-04	
   5.2000351e+03	   6.2750280e-04	
   5.2500291e+03	   6.2760230e-04	
   5.3000236e+03	   6.2749230e-04	
   5.3500175e+03	   6.2740240e-04	
   5.4000702e+03	   6.2679170e-04	
   5.4500351e+03	   6.2592760e-04	
   5.5000291e+03	   6.2446900e-04	
   5.5500236e+03	   6.2184790e-04	
   5.6000175e+03	   6.1785920e-04	
   5.6500406e+03	   6.1146020e-04	
   5.7000351e+03	   6.0301490e-04	
   5.7500291e+03	   5.9101720e-04	
   5.8000236e+03	   5.7367610e-04	
   5.8500175e+03	   5.5182410e-04	
   5.9000406e+03	   5.2764220e-04	
   5.9500351e+03	   4.9587580e-04	
   6.0000291e+03	   4.5968280e-04	
   6.0500236e+03	   4.2041840e-04	
   6.1000175e+03	   3.8352220e-04	
   6.1500406e+03	   3.3946800e-04	
   6.2000351e+03	   2.9435120e-04	
   6.2500291e+03	   2.5173450e-04	
   6.3000236e+03	   2.1222450e-04	
   6.3500175e+03	   1.7405700e-04	
   6.4000406e+03	   1.3539810e-04	
   6.4500351e+03	   1.0837600e-04	
   6.5000291e+03	   8.3909250e-05	
   6.5500236e+03	   6.3253920e-05	
   6.6000175e+03	   4.6116550e-05	
   6.6500406e+03	   3.3112190e-05	
   6.7000351e+03	   2.3550220e-05	
   6.7500291e+03	   1.6443960e-05	
   6.8000236e+03	   1.2015290e-05	
   6.8500175e+03	   9.2525890e-06	
   6.9000406e+03	   7.5268920e-06	
   6.9500351e+03	   6.5831640e-06	
   7.0000582e+03	   6.0332600e-06	
