   3.5000000e+03	   6.5148340e-04	
   3.5500233e+03	   6.5144720e-04	
   3.6000175e+03	   6.5138940e-04	
   3.6500409e+03	   6.5109540e-04	
   3.7000351e+03	   6.5089950e-04	
   3.7500291e+03	   6.5082870e-04	
   3.8000233e+03	   6.5029330e-04	
   3.8500175e+03	   6.4991350e-04	
   3.9000409e+03	   6.4972600e-04	
   3.9500351e+03	   6.4911000e-04	
   4.0000291e+03	   6.4811550e-04	
   4.0500236e+03	   6.4488080e-04	
   4.1000175e+03	   6.3889120e-04	
   4.1500406e+03	   6.3009760e-04	
   4.2000351e+03	   6.1740140e-04	
   4.2500291e+03	   5.9803150e-04	
   4.3000236e+03	   5.6897660e-04	
   4.3500175e+03	   5.2588190e-04	
   4.4000406e+03	   4.7151130e-04	
   4.4500351e+03	   4.1078780e-04	
   4.5000291e+03	   3.3827340e-04	
   4.5500236e+03	   2.6950280e-04	
   4.6000175e+03	   2.0528150e-04	
   4.6500406e+03	   1.5235960e-04	
   4.7000351e+03	   1.0789420e-04	
   4.7500291e+03	   7.6663590e-05	
   4.8000236e+03	   5.2638300e-05	
   4.8500175e+03	   3.7705160e-05	
   4.9000406e+03	   2.8835840e-05	
   4.9500351e+03	   2.3670790e-05	
   5.0000291e+03	   2.0654740e-05	
   5.0500236e+03	   1.8522100e-05	
   5.1000175e+03	   1.7451820e-05	
   5.1500406e+03	   1.6818190e-05	
   5.2000351e+03	   1.6392500e-05	
