   4.0000000e+03	   6.3363790e-04	
   4.0250115e+03	   6.3346690e-04	
   4.0500236e+03	   6.3344540e-04	
   4.0750351e+03	   6.3356200e-04	
   4.1000175e+03	   6.3383980e-04	
   4.1250291e+03	   6.3423920e-04	
   4.1500406e+03	   6.3469700e-04	
   4.1750236e+03	   6.3506280e-04	
   4.2000351e+03	   6.3522920e-04	
   4.2250175e+03	   6.3523520e-04	
   4.2500291e+03	   6.3490250e-04	
   4.2750406e+03	   6.3418920e-04	
   4.3000236e+03	   6.3312080e-04	
   4.3250351e+03	   6.3171210e-04	
   4.3499885e+03	   6.2996480e-04	
   4.3750291e+03	   6.2789600e-04	
   4.4000115e+03	   6.2556730e-04	
   4.4250236e+03	   6.2285610e-04	
   4.4500060e+03	   6.2013140e-04	
   4.4750175e+03	   6.1753260e-04	
   4.5000291e+03	   6.1509730e-04	
   4.5250406e+03	   6.1154010e-04	
   4.5500236e+03	   6.0609860e-04	
   4.5750351e+03	   5.9903860e-04	
   4.6000175e+03	   5.8970480e-04	
   4.6250291e+03	   5.7796240e-04	
   4.6500406e+03	   5.6416520e-04	
   4.6750236e+03	   5.4769400e-04	
   4.7000351e+03	   5.2922130e-04	
   4.7249885e+03	   5.0857100e-04	
   4.7500291e+03	   4.8496010e-04	
   4.7750406e+03	   4.5895740e-04	
   4.8000236e+03	   4.2974950e-04	
   4.8250351e+03	   4.0014800e-04	
   4.8500175e+03	   3.6971610e-04	
   4.8750291e+03	   3.3594820e-04	
   4.9000406e+03	   3.0390960e-04	
   4.9250236e+03	   2.7041950e-04	
   4.9500351e+03	   2.3909740e-04	
   4.9750175e+03	   2.1009270e-04	
   5.0000000e+03	   1.8269610e-04	
   5.0250406e+03	   1.5744170e-04	
   5.0500236e+03	   1.3528400e-04	
   5.0750351e+03	   1.1585870e-04	
   5.1000175e+03	   9.6806590e-05	
   5.1250291e+03	   8.1191220e-05	
   5.1500406e+03	   6.7832750e-05	
   5.1749940e+03	   5.6330360e-05	
   5.2000351e+03	   4.7172450e-05	
   5.2250175e+03	   3.9052530e-05	
   5.2500291e+03	   3.3030790e-05	
   5.2750406e+03	   2.8721900e-05	
   5.3000236e+03	   2.5313390e-05	
   5.3250351e+03	   2.2406410e-05	
   5.3500175e+03	   2.0356910e-05	
   5.3750291e+03	   1.9112100e-05	
   5.4000406e+03	   1.8026770e-05	
   5.4249940e+03	   1.7058460e-05	
   5.4500351e+03	   1.6320990e-05	
   5.4750175e+03	   1.5760120e-05	
   5.5000291e+03	   1.5239760e-05	
