   4.0000000e+03	   6.2835830e-04	
   4.1000175e+03	   6.2937960e-04	
   4.2000642e+03	   6.3025630e-04	
   4.3000526e+03	   6.3079830e-04	
   4.4000702e+03	   6.3096730e-04	
   4.5000291e+03	   6.3068020e-04	
   4.6000466e+03	   6.2962910e-04	
   4.7000642e+03	   6.2469250e-04	
   4.8000236e+03	   6.0900640e-04	
   4.9000702e+03	   5.7515040e-04	
   5.0000291e+03	   5.1030670e-04	
   5.1000175e+03	   4.1070150e-04	
   5.2000351e+03	   2.9473690e-04	
   5.3000236e+03	   1.8656520e-04	
   5.4000702e+03	   1.0295270e-04	
   5.5000582e+03	   5.2006600e-05	
   5.6000466e+03	   2.5863680e-05	
   5.7000351e+03	   1.5005160e-05	
   5.8000526e+03	   1.1443580e-05	
   5.9000702e+03	   1.0172950e-05	
   6.0000582e+03	   9.2665830e-06	
