   5.0000582e+03	   5.4574380e-04	
   5.1000466e+03	   5.4492390e-04	
   5.2000642e+03	   5.4400720e-04	
   5.3000526e+03	   5.4344700e-04	
   5.4000702e+03	   5.4248940e-04	
   5.5000582e+03	   5.4164430e-04	
   5.6000466e+03	   5.4025530e-04	
   5.7000642e+03	   5.3571730e-04	
   5.8000526e+03	   5.1681560e-04	
   5.9000702e+03	   4.5307260e-04	
   6.0000582e+03	   3.3368410e-04	
   6.1000466e+03	   2.0021560e-04	
   6.2000351e+03	   9.1503180e-05	
   6.3000526e+03	   4.1645460e-05	
   6.4000702e+03	   2.1931290e-05	
   6.5000291e+03	   1.5666030e-05	
   6.6000466e+03	   1.4151630e-05	
   6.7000642e+03	   1.3324860e-05	
   6.8000526e+03	   1.2443980e-05	
   6.9000702e+03	   1.1775210e-05	
   7.0000582e+03	   1.1151180e-05	
   7.1000466e+03	   1.0399030e-05	
   7.2000642e+03	   9.6421140e-06	
   7.3000526e+03	   9.0515500e-06	
   7.4000702e+03	   8.4350610e-06	
   7.5000582e+03	   7.9198650e-06	
   7.6000175e+03	   7.4126330e-06	
   7.7000351e+03	   6.9129660e-06	
   7.8000526e+03	   6.3220340e-06	
   7.9000702e+03	   5.5213990e-06	
   8.0000582e+03	   4.6996000e-06	
