   5.0000291e+03	   5.4059500e-04	
   5.0500236e+03	   5.4092620e-04	
   5.1000175e+03	   5.4062710e-04	
   5.1500406e+03	   5.4023400e-04	
   5.2000351e+03	   5.4002220e-04	
   5.2500291e+03	   5.4007870e-04	
   5.3000236e+03	   5.3939920e-04	
   5.3500175e+03	   5.3940620e-04	
   5.4000406e+03	   5.3882560e-04	
   5.4500351e+03	   5.3891610e-04	
   5.5000291e+03	   5.3852490e-04	
   5.5500236e+03	   5.3849360e-04	
   5.6000175e+03	   5.3807580e-04	
   5.6500406e+03	   5.3709120e-04	
   5.7000351e+03	   5.3500460e-04	
   5.7500582e+03	   5.2944140e-04	
   5.8000236e+03	   5.1988660e-04	
   5.8500175e+03	   5.0029930e-04	
   5.9000406e+03	   4.6691730e-04	
   5.9500351e+03	   4.2341390e-04	
   6.0000291e+03	   3.7178160e-04	
   6.0500526e+03	   3.1057640e-04	
   6.1000175e+03	   2.4878990e-04	
   6.1500406e+03	   1.9009950e-04	
   6.2000351e+03	   1.3466420e-04	
   6.2500291e+03	   8.9942700e-05	
   6.3000236e+03	   5.9450540e-05	
   6.3500175e+03	   3.8655440e-05	
   6.4000406e+03	   2.5762040e-05	
   6.4500351e+03	   1.8900720e-05	
   6.5000291e+03	   1.5401660e-05	
   6.5500236e+03	   1.3000650e-05	
   6.6000175e+03	   1.1531220e-05	
   6.6500406e+03	   1.0691880e-05	
   6.7000642e+03	   1.0283900e-05	
   6.7500291e+03	   1.0039700e-05	
   6.8000526e+03	   9.7942940e-06	
   6.8500175e+03	   9.5366830e-06	
   6.9000702e+03	   9.2138140e-06	
   6.9500351e+03	   8.8767750e-06	
   7.0000291e+03	   8.5519240e-06	
