   5.0000291e+03	   5.3866480e-04	
   5.1000466e+03	   5.3773070e-04	
   5.2000642e+03	   5.3758210e-04	
   5.3000526e+03	   5.3684940e-04	
   5.4000702e+03	   5.3613740e-04	
   5.5000291e+03	   5.3600340e-04	
   5.6000175e+03	   5.3588950e-04	
   5.7000351e+03	   5.3488170e-04	
   5.8000526e+03	   5.3028040e-04	
   5.9000702e+03	   5.1156960e-04	
   6.0000582e+03	   4.6227610e-04	
   6.1000466e+03	   3.8187620e-04	
   6.2000642e+03	   2.7002930e-04	
   6.3000236e+03	   1.6305450e-04	
   6.4000702e+03	   8.0752720e-05	
   6.5000582e+03	   3.3420780e-05	
   6.6000175e+03	   1.5024920e-05	
   6.7000642e+03	   9.7279150e-06	
   6.8000526e+03	   7.9937400e-06	
   6.9000702e+03	   7.1298080e-06	
   7.0000582e+03	   6.7134120e-06	
