   5.0000291e+03	   5.3673060e-04	
   5.1000466e+03	   5.3643940e-04	
   5.2000351e+03	   5.3611790e-04	
   5.3000526e+03	   5.3576890e-04	
   5.4000702e+03	   5.3553070e-04	
   5.5000582e+03	   5.3525310e-04	
   5.6000175e+03	   5.3456180e-04	
   5.7000351e+03	   5.3127870e-04	
   5.8000526e+03	   5.1863110e-04	
   5.9000702e+03	   4.8228620e-04	
   6.0000582e+03	   4.1906640e-04	
   6.1000466e+03	   3.2854910e-04	
   6.2000642e+03	   2.2243700e-04	
   6.3000236e+03	   1.3227910e-04	
   6.4000702e+03	   6.6146760e-05	
   6.5000582e+03	   2.8545380e-05	
   6.6000175e+03	   1.3190860e-05	
   6.7000642e+03	   8.2828270e-06	
   6.8000526e+03	   6.9952370e-06	
   6.9000702e+03	   6.3364160e-06	
   7.0000582e+03	   5.8189230e-06	
