   5.0000000e+03	   5.3401260e-04	
   5.1000175e+03	   5.3372340e-04	
   5.2000351e+03	   5.3363010e-04	
   5.3000526e+03	   5.3393430e-04	
   5.4000406e+03	   5.3381770e-04	
   5.5000291e+03	   5.3356880e-04	
   5.6000466e+03	   5.3267180e-04	
   5.7000351e+03	   5.2868140e-04	
   5.8000526e+03	   5.1719910e-04	
   5.9000702e+03	   4.8866520e-04	
   6.0000582e+03	   4.3918850e-04	
   6.1000466e+03	   3.6155330e-04	
   6.2000351e+03	   2.7161750e-04	
   6.2999940e+03	   1.7628250e-04	
   6.4000406e+03	   1.0688890e-04	
   6.5000291e+03	   5.3534380e-05	
   6.6000466e+03	   2.4845040e-05	
   6.7000060e+03	   1.1088550e-05	
   6.8000526e+03	   7.0917210e-06	
   6.9000702e+03	   5.9494050e-06	
   7.0000582e+03	   5.5160100e-06	
