   5.0000000e+03	   5.3266650e-04	
   5.1000175e+03	   5.3271600e-04	
   5.2000351e+03	   5.3241870e-04	
   5.3000526e+03	   5.3177850e-04	
   5.4000702e+03	   5.3149160e-04	
   5.5000582e+03	   5.3107500e-04	
   5.6000175e+03	   5.2864050e-04	
   5.7000351e+03	   5.2219010e-04	
   5.8000526e+03	   5.0856250e-04	
   5.9000702e+03	   4.7782010e-04	
   6.0000582e+03	   4.2982590e-04	
   6.1000466e+03	   3.6102730e-04	
   6.2000351e+03	   2.7394120e-04	
   6.3000236e+03	   1.9208990e-04	
   6.4000406e+03	   1.2195630e-04	
   6.5000582e+03	   6.8647710e-05	
   6.6000466e+03	   3.3805480e-05	
   6.7000351e+03	   1.4862840e-05	
   6.8000526e+03	   7.7834000e-06	
   6.9000702e+03	   5.5992440e-06	
   7.0000582e+03	   4.9765360e-06	
