71.000	1.000	1.000	6180.000	6250.000
6.180000E+3	2.100000E+1
6.181000E+3	5.800000E+1
6.182000E+3	4.300000E+1
6.183000E+3	7.900000E+1
6.184000E+3	4.000000E+1
6.185000E+3	8.300000E+1
6.186000E+3	5.900000E+1
6.187000E+3	6.700000E+1
6.188000E+3	4.700000E+1
6.189000E+3	6.100000E+1
6.190000E+3	4.500000E+1
6.191000E+3	6.200000E+1
6.192000E+3	4.700000E+1
6.193000E+3	4.800000E+1
6.194000E+3	7.800000E+1
6.195000E+3	3.500000E+1
6.196000E+3	3.000000E+1
6.197000E+3	2.900000E+1
6.198000E+3	6.400000E+1
6.199000E+3	4.700000E+1
6.200000E+3	6.300000E+1
6.201000E+3	7.700000E+1
6.202000E+3	6.600000E+1
6.203000E+3	4.700000E+1
6.204000E+3	6.500000E+1
6.205000E+3	5.700000E+1
6.206000E+3	5.200000E+1
6.207000E+3	5.100000E+1
6.208000E+3	4.000000E+1
6.209000E+3	5.900000E+1
6.210000E+3	3.800000E+1
6.211000E+3	4.800000E+1
6.212000E+3	8.300000E+1
6.213000E+3	6.100000E+1
6.214000E+3	1.020000E+2
6.215000E+3	3.200000E+1
6.216000E+3	2.900000E+1
6.217000E+3	8.100000E+1
6.218000E+3	7.400000E+1
6.219000E+3	6.100000E+1
6.220000E+3	6.700000E+1
6.221000E+3	4.400000E+1
6.222000E+3	8.300000E+1
6.223000E+3	4.400000E+1
6.224000E+3	8.500000E+1
6.225000E+3	5.900000E+1
6.226000E+3	3.800000E+1
6.227000E+3	1.060000E+2
6.228000E+3	1.020000E+2
6.229000E+3	7.200000E+1
6.230000E+3	5.100000E+1
6.231000E+3	5.900000E+1
6.232000E+3	8.000000E+1
6.233000E+3	7.200000E+1
6.234000E+3	4.700000E+1
6.235000E+3	9.700000E+1
6.236000E+3	6.200000E+1
6.237000E+3	7.700000E+1
6.238000E+3	9.000000E+1
6.239000E+3	6.500000E+1
6.240000E+3	9.200000E+1
6.241000E+3	5.400000E+1
6.242000E+3	8.700000E+1
6.243000E+3	9.000000E+1
6.244000E+3	8.000000E+1
6.245000E+3	8.100000E+1
6.246000E+3	1.140000E+2
6.247000E+3	1.160000E+2
6.248000E+3	5.300000E+1
6.249000E+3	1.220000E+2
6.250000E+3	1.140000E+2
