126.000	1.000	0.200	6920.000	6945.000
6.920000E+3	1.370000E+3
6.920200E+3	1.229000E+3
6.920400E+3	1.326000E+3
6.920600E+3	1.196000E+3
6.920800E+3	1.277000E+3
6.921000E+3	1.382000E+3
6.921200E+3	1.299000E+3
6.921400E+3	1.290000E+3
6.921600E+3	1.377000E+3
6.921800E+3	1.309000E+3
6.922000E+3	1.271000E+3
6.922200E+3	1.319000E+3
6.922400E+3	1.388000E+3
6.922600E+3	1.176000E+3
6.922800E+3	1.163000E+3
6.923000E+3	1.291000E+3
6.923200E+3	1.304000E+3
6.923400E+3	1.416000E+3
6.923600E+3	1.318000E+3
6.923800E+3	1.355000E+3
6.924000E+3	1.389000E+3
6.924200E+3	1.398000E+3
6.924400E+3	1.370000E+3
6.924600E+3	1.227000E+3
6.924800E+3	1.236000E+3
6.925000E+3	0.000000E+0
