   5.0000000e+03	   7.9568670e-04	
   5.0250406e+03	   7.9551170e-04	
   5.0500236e+03	   7.9508750e-04	
   5.0750351e+03	   7.9451340e-04	
   5.1000175e+03	   7.9358500e-04	
   5.1250291e+03	   7.9244530e-04	
   5.1500406e+03	   7.9044470e-04	
   5.1750236e+03	   7.8570920e-04	
   5.2000351e+03	   7.6899830e-04	
   5.2250175e+03	   7.2373190e-04	
   5.2500291e+03	   6.3316540e-04	
   5.2750406e+03	   4.9781630e-04	
   5.3000236e+03	   3.4020530e-04	
   5.3250351e+03	   1.9827950e-04	
   5.3499885e+03	   9.7737390e-05	
   5.3750291e+03	   4.2317400e-05	
   5.4000406e+03	   1.9831080e-05	
   5.4250236e+03	   1.3216330e-05	
   5.4500351e+03	   1.2053690e-05	
   5.4750175e+03	   1.2358990e-05	
   5.5000291e+03	   1.3095080e-05	
   5.5250406e+03	   1.3334190e-05	
   5.5500236e+03	   1.3274820e-05	
   5.5750351e+03	   1.2577460e-05	
   5.5999885e+03	   1.1902800e-05	
