   5.0999885e+03	   7.9575430e-04	
   5.1250000e+03	   7.9575560e-04	
   5.1500406e+03	   7.9575810e-04	
   5.1750236e+03	   7.9574350e-04	
   5.2000351e+03	   7.9547860e-04	
   5.2250175e+03	   7.9344910e-04	
   5.2500291e+03	   7.8704030e-04	
   5.2750406e+03	   7.7233950e-04	
   5.3000236e+03	   7.4137030e-04	
   5.3250351e+03	   6.8461050e-04	
   5.3500175e+03	   5.9986810e-04	
   5.3750291e+03	   4.9247280e-04	
   5.4000406e+03	   3.6307330e-04	
   5.4250236e+03	   2.5045480e-04	
   5.4500351e+03	   1.5213990e-04	
   5.4750175e+03	   8.8753920e-05	
   5.5000291e+03	   4.6039760e-05	
   5.5250406e+03	   2.6165040e-05	
   5.5500236e+03	   1.4418400e-05	
   5.5750351e+03	   1.0517130e-05	
   5.6000175e+03	   9.3967210e-06	
