   5.2999940e+03	   7.9458610e-04	
   5.3250060e+03	   7.9352710e-04	
   5.3500175e+03	   7.9063520e-04	
   5.3750291e+03	   7.8266580e-04	
   5.4000406e+03	   7.7068360e-04	
   5.4250236e+03	   7.4908530e-04	
   5.4500351e+03	   7.1607240e-04	
   5.4750175e+03	   6.7500690e-04	
   5.5000291e+03	   6.1114640e-04	
   5.5250406e+03	   5.3254000e-04	
   5.5500236e+03	   4.5020260e-04	
   5.5750351e+03	   3.5861500e-04	
   5.6000175e+03	   2.7342980e-04	
   5.6250291e+03	   1.9871330e-04	
   5.6500115e+03	   1.3686100e-04	
   5.6750236e+03	   8.8835660e-05	
   5.7000351e+03	   5.7628320e-05	
   5.7250175e+03	   3.5747510e-05	
   5.7500291e+03	   1.9688560e-05	
   5.7750115e+03	   1.2592900e-05	
   5.8000236e+03	   9.2516660e-06	
   5.8250351e+03	   7.4649810e-06	
   5.8500175e+03	   6.9846380e-06	
   5.8750291e+03	   6.9386190e-06	
   5.9000406e+03	   6.6125170e-06	
