   5.4000115e+03	   7.8962740e-04	
   5.4250236e+03	   7.8697860e-04	
   5.4500351e+03	   7.8342880e-04	
   5.4750175e+03	   7.7747750e-04	
   5.5000291e+03	   7.6702160e-04	
   5.5250406e+03	   7.5262810e-04	
   5.5500236e+03	   7.3287500e-04	
   5.5750351e+03	   7.0727540e-04	
   5.5999885e+03	   6.7252360e-04	
   5.6250291e+03	   6.3177210e-04	
   5.6500406e+03	   5.8525280e-04	
   5.6750236e+03	   5.3419160e-04	
   5.7000351e+03	   4.7476270e-04	
   5.7250175e+03	   4.1352120e-04	
   5.7500291e+03	   3.4718140e-04	
   5.7750115e+03	   2.8609480e-04	
   5.8000236e+03	   2.2982220e-04	
   5.8250351e+03	   1.8322100e-04	
   5.8499885e+03	   1.4326410e-04	
   5.8750291e+03	   1.0744850e-04	
   5.9000406e+03	   7.8539660e-05	
   5.9250236e+03	   5.5555920e-05	
   5.9500351e+03	   3.8430610e-05	
   5.9750175e+03	   2.6599260e-05	
   6.0000291e+03	   1.9016650e-05	
   6.0250115e+03	   1.4616740e-05	
   6.0500236e+03	   1.2060090e-05	
   6.0750060e+03	   1.0058790e-05	
   6.1000175e+03	   8.6410660e-06	
