   5.3000236e+03	   7.9258390e-04	
   5.3250351e+03	   7.9229510e-04	
   5.3499885e+03	   7.9207010e-04	
   5.3750291e+03	   7.9176170e-04	
   5.4000406e+03	   7.9110580e-04	
   5.4250236e+03	   7.9024590e-04	
   5.4500351e+03	   7.8926020e-04	
   5.4750175e+03	   7.8813700e-04	
   5.5000291e+03	   7.8659740e-04	
   5.5250406e+03	   7.8403720e-04	
   5.5500236e+03	   7.7967880e-04	
   5.5750351e+03	   7.7395410e-04	
   5.5999885e+03	   7.6645050e-04	
   5.6250291e+03	   7.5588290e-04	
   5.6500115e+03	   7.4193390e-04	
   5.6750236e+03	   7.2299530e-04	
   5.7000351e+03	   6.9911230e-04	
   5.7250175e+03	   6.6922270e-04	
   5.7500291e+03	   6.3723810e-04	
   5.7750406e+03	   5.9994160e-04	
   5.8000236e+03	   5.5621980e-04	
   5.8250351e+03	   5.0960410e-04	
   5.8499885e+03	   4.5801320e-04	
   5.8750291e+03	   4.0884340e-04	
   5.9000406e+03	   3.5722440e-04	
   5.9249940e+03	   3.0848740e-04	
   5.9500351e+03	   2.5829000e-04	
   5.9750175e+03	   2.1663050e-04	
   6.0000291e+03	   1.7537390e-04	
   6.0250406e+03	   1.4138340e-04	
   6.0500236e+03	   1.1335020e-04	
   6.0750351e+03	   8.7487150e-05	
   6.1000175e+03	   6.6866170e-05	
   6.1250291e+03	   4.9323070e-05	
   6.1500406e+03	   3.6460780e-05	
   6.1750236e+03	   2.7566430e-05	
   6.2000351e+03	   2.1071490e-05	
   6.2250175e+03	   1.6760040e-05	
   6.2500291e+03	   1.3732210e-05	
   6.2750406e+03	   1.1628530e-05	
   6.3000236e+03	   1.0285750e-05	
