   5.5000000e+03	   7.9006000e-04	
   5.5250115e+03	   7.8959430e-04	
   5.5500236e+03	   7.8915520e-04	
   5.5750351e+03	   7.8857730e-04	
   5.6000175e+03	   7.8766830e-04	
   5.6250291e+03	   7.8627470e-04	
   5.6500115e+03	   7.8431820e-04	
   5.6750236e+03	   7.8159340e-04	
   5.7000351e+03	   7.7819150e-04	
   5.7250175e+03	   7.7384080e-04	
   5.7500291e+03	   7.6779850e-04	
   5.7750406e+03	   7.5932850e-04	
   5.8000236e+03	   7.4756480e-04	
   5.8250351e+03	   7.3411310e-04	
   5.8499885e+03	   7.1677130e-04	
   5.8750291e+03	   6.9582750e-04	
   5.9000406e+03	   6.7208150e-04	
   5.9250236e+03	   6.4310000e-04	
   5.9500351e+03	   6.1060480e-04	
   5.9750175e+03	   5.7392960e-04	
   6.0000291e+03	   5.3229430e-04	
   6.0250406e+03	   4.9043060e-04	
   6.0500236e+03	   4.4841180e-04	
   6.0750351e+03	   4.0595360e-04	
   6.1000175e+03	   3.6366550e-04	
   6.1250291e+03	   3.2259520e-04	
   6.1500406e+03	   2.8379590e-04	
   6.1750236e+03	   2.4669460e-04	
   6.2000351e+03	   2.1030770e-04	
   6.2250175e+03	   1.7585620e-04	
   6.2500291e+03	   1.4588310e-04	
   6.2750406e+03	   1.1921020e-04	
   6.2999940e+03	   9.6440780e-05	
   6.3250351e+03	   7.7326740e-05	
   6.3499885e+03	   6.1650190e-05	
   6.3750291e+03	   4.8635090e-05	
   6.4000115e+03	   3.8032190e-05	
   6.4250236e+03	   2.9677950e-05	
   6.4500351e+03	   2.3561100e-05	
   6.4750175e+03	   1.8955500e-05	
   6.5000291e+03	   1.5774370e-05	
