   5.5999885e+03	   7.8823160e-04	
   5.6250291e+03	   7.8717380e-04	
   5.6500115e+03	   7.8592230e-04	
   5.6750236e+03	   7.8429670e-04	
   5.7000060e+03	   7.8221820e-04	
   5.7250175e+03	   7.7940060e-04	
   5.7500291e+03	   7.7581940e-04	
   5.7750406e+03	   7.7133580e-04	
   5.8000236e+03	   7.6556850e-04	
   5.8250351e+03	   7.5849330e-04	
   5.8500175e+03	   7.4954550e-04	
   5.8750291e+03	   7.3849080e-04	
   5.9000406e+03	   7.2569450e-04	
   5.9250236e+03	   7.1060300e-04	
   5.9500351e+03	   6.9209580e-04	
   5.9750175e+03	   6.7151290e-04	
   6.0000291e+03	   6.4825270e-04	
   6.0250406e+03	   6.2285750e-04	
   6.0500236e+03	   5.9566050e-04	
   6.0750351e+03	   5.6663870e-04	
   6.1000175e+03	   5.3514120e-04	
   6.1250291e+03	   5.0120480e-04	
   6.1500406e+03	   4.6861780e-04	
   6.1750236e+03	   4.3445460e-04	
   6.2000351e+03	   4.0124930e-04	
   6.2250175e+03	   3.6811370e-04	
   6.2500291e+03	   3.3608220e-04	
   6.2750406e+03	   3.0373500e-04	
   6.2999940e+03	   2.7250690e-04	
   6.3250060e+03	   2.4077070e-04	
   6.3499885e+03	   2.1176470e-04	
   6.3750291e+03	   1.8366110e-04	
   6.4000115e+03	   1.5762690e-04	
   6.4250236e+03	   1.3434030e-04	
   6.4500351e+03	   1.1469280e-04	
   6.4749885e+03	   9.6040580e-05	
   6.5000291e+03	   8.0063630e-05	
   6.5250115e+03	   6.6479010e-05	
   6.5500236e+03	   5.5123940e-05	
   6.5750351e+03	   4.5492370e-05	
   6.5999885e+03	   3.7440750e-05	
   6.6250291e+03	   3.0897580e-05	
   6.6500406e+03	   2.5511060e-05	
   6.6750236e+03	   2.1203620e-05	
   6.7000351e+03	   1.7539960e-05	
