   4.7999940e+03	   7.9269620e-04	
   4.8250351e+03	   7.9177120e-04	
   4.8500175e+03	   7.9049970e-04	
   4.8750291e+03	   7.8940000e-04	
   4.9000406e+03	   7.8813280e-04	
   4.9250236e+03	   7.8640330e-04	
   4.9500351e+03	   7.8435830e-04	
   4.9750175e+03	   7.8153880e-04	
   5.0000291e+03	   7.7451660e-04	
   5.0250406e+03	   7.4312780e-04	
   5.0500236e+03	   6.4591840e-04	
   5.0750351e+03	   4.5322080e-04	
   5.1000175e+03	   2.3198970e-04	
   5.1250291e+03	   8.3417270e-05	
   5.1500115e+03	   2.7197450e-05	
   5.1750236e+03	   1.5719600e-05	
   5.2000351e+03	   1.3825130e-05	
   5.2250175e+03	   1.3229100e-05	
   5.2500291e+03	   1.2783330e-05	
   5.2750406e+03	   1.2594510e-05	
   5.3000236e+03	   1.2382070e-05	
   5.3250351e+03	   1.2180120e-05	
   5.3500175e+03	   1.1650700e-05	
   5.3750000e+03	   1.1225870e-05	
   5.4000406e+03	   1.0900040e-05	
