   5.0000291e+03	   7.9897190e-04	
   5.0250115e+03	   7.9879230e-04	
   5.0500236e+03	   7.9841450e-04	
   5.0750351e+03	   7.9789040e-04	
   5.1000175e+03	   7.9649000e-04	
   5.1250291e+03	   7.9363250e-04	
   5.1500406e+03	   7.8819680e-04	
   5.1750236e+03	   7.7591200e-04	
   5.2000351e+03	   7.5800640e-04	
   5.2250175e+03	   7.3484830e-04	
   5.2500291e+03	   6.9431520e-04	
   5.2750406e+03	   6.4424510e-04	
   5.3000236e+03	   5.8535710e-04	
   5.3250351e+03	   5.1232770e-04	
   5.3500175e+03	   4.3501400e-04	
   5.3750291e+03	   3.6239250e-04	
   5.4000406e+03	   2.8612420e-04	
   5.4250236e+03	   2.1878110e-04	
   5.4500060e+03	   1.6589340e-04	
   5.4750175e+03	   1.2069880e-04	
   5.5000291e+03	   8.7485160e-05	
   5.5250115e+03	   6.2972750e-05	
   5.5500236e+03	   4.4782780e-05	
   5.5750351e+03	   3.4481110e-05	
   5.6000175e+03	   2.5693010e-05	
   5.6250291e+03	   2.0552080e-05	
   5.6500406e+03	   1.8507010e-05	
   5.6749940e+03	   1.7220560e-05	
   5.7000351e+03	   1.6530140e-05	
   5.7250175e+03	   1.5958460e-05	
   5.7500291e+03	   1.5557240e-05	
   5.7750406e+03	   1.5228820e-05	
   5.7999940e+03	   1.4677450e-05	
   5.8250642e+03	   1.4135770e-05	
   5.8499885e+03	   1.3389840e-05	
   5.8750291e+03	   1.2692380e-05	
   5.9000406e+03	   1.1958440e-05	
   5.9250236e+03	   1.1112930e-05	
   5.9500351e+03	   1.0551200e-05	
   5.9750175e+03	   9.9426210e-06	
   6.0000291e+03	   9.4278150e-06	
   6.0250406e+03	   8.9224870e-06	
   6.0500236e+03	   8.5259510e-06	
   6.0750351e+03	   8.1164070e-06	
   6.0999885e+03	   7.7690270e-06	
   6.1250582e+03	   7.4112140e-06	
   6.1500406e+03	   7.0405990e-06	
   6.1750236e+03	   6.7861020e-06	
   6.2000351e+03	   6.4999500e-06	
