   4.9000115e+03	   8.0276290e-04	
   4.9250236e+03	   8.0267700e-04	
   4.9500351e+03	   8.0242220e-04	
   4.9750175e+03	   8.0211850e-04	
   5.0000291e+03	   8.0170090e-04	
   5.0250406e+03	   8.0137180e-04	
   5.0500236e+03	   8.0096450e-04	
   5.0750351e+03	   8.0028550e-04	
   5.1000175e+03	   7.9902130e-04	
   5.1250291e+03	   7.9772510e-04	
   5.1500406e+03	   7.9603820e-04	
   5.1750236e+03	   7.9268510e-04	
   5.2000351e+03	   7.8667850e-04	
   5.2250175e+03	   7.7851270e-04	
   5.2500291e+03	   7.6843020e-04	
   5.2750406e+03	   7.5438390e-04	
   5.3000236e+03	   7.3373010e-04	
   5.3250351e+03	   7.0795570e-04	
   5.3500175e+03	   6.7788790e-04	
   5.3750291e+03	   6.4371290e-04	
   5.4000406e+03	   6.0304670e-04	
   5.4250236e+03	   5.5633180e-04	
   5.4500351e+03	   5.0197630e-04	
   5.4750175e+03	   4.4912360e-04	
   5.5000291e+03	   3.9080450e-04	
   5.5250406e+03	   3.3573000e-04	
   5.5500236e+03	   2.8378510e-04	
   5.5750351e+03	   2.3406490e-04	
   5.5999885e+03	   1.9069590e-04	
   5.6250291e+03	   1.5248700e-04	
   5.6500406e+03	   1.2315610e-04	
   5.6750236e+03	   9.6471350e-05	
   5.7000351e+03	   7.2671320e-05	
   5.7250175e+03	   5.5725480e-05	
   5.7500291e+03	   4.1185860e-05	
   5.7750115e+03	   3.1964840e-05	
   5.8000236e+03	   2.5280140e-05	
   5.8250351e+03	   2.0768640e-05	
   5.8500175e+03	   1.7031080e-05	
   5.8750000e+03	   1.4446560e-05	
   5.9000406e+03	   1.3438910e-05	
   5.9250236e+03	   1.2607190e-05	
   5.9500351e+03	   1.1577430e-05	
   5.9750175e+03	   1.0687170e-05	
   6.0000291e+03	   1.0061680e-05	
   6.0250406e+03	   9.8339390e-06	
   6.0500236e+03	   9.3799530e-06	
   6.0750351e+03	   9.0886730e-06	
   6.1000175e+03	   8.6358230e-06	
