   6.0000000e+03	   8.0939420e-04	
   6.0500236e+03	   8.0892140e-04	
   6.1000175e+03	   8.0843060e-04	
   6.1500406e+03	   8.0841720e-04	
   6.2000351e+03	   8.0763310e-04	
   6.2500291e+03	   8.0595070e-04	
   6.3000236e+03	   8.0186900e-04	
   6.3500175e+03	   7.9294270e-04	
   6.4000406e+03	   7.7607830e-04	
   6.4500351e+03	   7.4408700e-04	
   6.5000291e+03	   6.8858560e-04	
   6.5500236e+03	   6.0705040e-04	
   6.6000175e+03	   4.9850000e-04	
   6.6500406e+03	   3.7586320e-04	
   6.7000642e+03	   2.5087300e-04	
   6.7500291e+03	   1.5257010e-04	
   6.8000236e+03	   8.4842400e-05	
   6.8500466e+03	   4.3399690e-05	
   6.9000702e+03	   2.4356110e-05	
   6.9500351e+03	   1.5441800e-05	
   7.0000582e+03	   1.1944870e-05	
   7.0500236e+03	   1.0702510e-05	
   7.1000466e+03	   1.0376600e-05	
   7.1500406e+03	   1.0284830e-05	
   7.2000351e+03	   9.8982060e-06	
   7.2500291e+03	   9.6299460e-06	
   7.3000236e+03	   9.4858970e-06	
