   5.5000291e+03	   8.0541230e-04	
   5.5500236e+03	   8.0517550e-04	
   5.6000175e+03	   8.0504440e-04	
   5.6500406e+03	   8.0486470e-04	
   5.7000351e+03	   8.0449870e-04	
   5.7500291e+03	   8.0424660e-04	
   5.8000236e+03	   8.0373690e-04	
   5.8500175e+03	   8.0197520e-04	
   5.9000406e+03	   7.9775180e-04	
   5.9500351e+03	   7.8772440e-04	
   6.0000291e+03	   7.7049030e-04	
   6.0500236e+03	   7.3627070e-04	
   6.1000175e+03	   6.8390420e-04	
   6.1500406e+03	   6.0643230e-04	
   6.2000351e+03	   5.0891480e-04	
   6.2500291e+03	   4.0141760e-04	
   6.3000236e+03	   2.9211230e-04	
   6.3500175e+03	   2.0557320e-04	
   6.4000406e+03	   1.3642950e-04	
   6.4500351e+03	   8.4777440e-05	
   6.5000291e+03	   5.1150580e-05	
   6.5500236e+03	   2.9390260e-05	
   6.6000175e+03	   1.8752600e-05	
   6.6500406e+03	   1.3142470e-05	
   6.7000351e+03	   9.6744750e-06	
   6.7500291e+03	   8.6492550e-06	
   6.8000236e+03	   8.2157670e-06	
   6.8500175e+03	   7.8430930e-06	
   6.9000406e+03	   7.5648400e-06	
   6.9500351e+03	   7.3959420e-06	
   7.0000291e+03	   7.2527170e-06	
   7.0500236e+03	   7.1293230e-06	
   7.1000175e+03	   6.9624670e-06	
   7.1500406e+03	   6.8582660e-06	
   7.2000351e+03	   6.7467010e-06	
   7.2500291e+03	   6.6034120e-06	
   7.3000236e+03	   6.4705100e-06	
