   5.7000060e+03	   8.0927960e-04	
   5.7500291e+03	   8.0909890e-04	
   5.8000526e+03	   8.0897900e-04	
   5.8500175e+03	   8.0882290e-04	
   5.9000406e+03	   8.0809080e-04	
   5.9500351e+03	   8.0636160e-04	
   6.0000291e+03	   8.0215480e-04	
   6.0500236e+03	   7.9074480e-04	
   6.1000175e+03	   7.6817330e-04	
   6.1500406e+03	   7.2563240e-04	
   6.2000351e+03	   6.5822600e-04	
   6.2500582e+03	   5.6533230e-04	
   6.3000236e+03	   4.5096620e-04	
   6.3500175e+03	   3.3703440e-04	
   6.4000406e+03	   2.3013020e-04	
   6.4500351e+03	   1.4728230e-04	
   6.5000291e+03	   9.1172140e-05	
   6.5500236e+03	   5.4525730e-05	
   6.6000175e+03	   3.0836440e-05	
   6.6500406e+03	   1.8315340e-05	
   6.7000351e+03	   1.2226420e-05	
   6.7500291e+03	   9.8555750e-06	
   6.8000236e+03	   8.8542070e-06	
   6.8500175e+03	   8.3160510e-06	
   6.9000406e+03	   8.1506170e-06	
   6.9500351e+03	   7.8405390e-06	
   7.0000582e+03	   7.6394600e-06	
   7.0500236e+03	   7.4954520e-06	
   7.1000175e+03	   7.3806350e-06	
   7.1500406e+03	   7.2269410e-06	
   7.2000351e+03	   7.1130390e-06	
   7.2500291e+03	   6.9999860e-06	
   7.3000236e+03	   6.8811600e-06	
