   5.7000060e+03	   8.0969210e-04	
   5.7500291e+03	   8.0945260e-04	
   5.8000526e+03	   8.0912470e-04	
   5.8500175e+03	   8.0891510e-04	
   5.9000406e+03	   8.0867190e-04	
   5.9500351e+03	   8.0845800e-04	
   6.0000291e+03	   8.0814570e-04	
   6.0500236e+03	   8.0730560e-04	
   6.1000175e+03	   8.0483420e-04	
   6.1500406e+03	   7.9667770e-04	
   6.2000351e+03	   7.7779200e-04	
   6.2500582e+03	   7.4049440e-04	
   6.3000236e+03	   6.7362680e-04	
   6.3500175e+03	   5.7493260e-04	
   6.4000406e+03	   4.5110180e-04	
   6.4500351e+03	   3.2484570e-04	
   6.5000291e+03	   2.1366590e-04	
   6.5500236e+03	   1.2055060e-04	
   6.5999885e+03	   6.6378290e-05	
   6.6500406e+03	   3.5566430e-05	
   6.7000642e+03	   2.0572720e-05	
   6.7500291e+03	   1.3416650e-05	
   6.8000236e+03	   1.0351330e-05	
   6.8500175e+03	   9.1909640e-06	
   6.9000406e+03	   8.9262840e-06	
   6.9500351e+03	   8.6656460e-06	
   7.0000291e+03	   8.4777030e-06	
