   5.9000115e+03	   8.1011940e-04	
   5.9500351e+03	   8.0980060e-04	
   6.0000291e+03	   8.0971580e-04	
   6.0500236e+03	   8.0949500e-04	
   6.1000175e+03	   8.0926300e-04	
   6.1500406e+03	   8.0903640e-04	
   6.2000351e+03	   8.0786360e-04	
   6.2500291e+03	   8.0413580e-04	
   6.3000236e+03	   7.8949930e-04	
   6.3500175e+03	   7.6278660e-04	
   6.4000406e+03	   7.0179530e-04	
   6.4500351e+03	   6.0637710e-04	
   6.5000291e+03	   4.8541580e-04	
   6.5500236e+03	   3.5350840e-04	
   6.6000175e+03	   2.2840150e-04	
   6.6500406e+03	   1.2977980e-04	
   6.7000351e+03	   6.5698840e-05	
   6.7500291e+03	   3.0712850e-05	
   6.8000236e+03	   1.6124260e-05	
   6.8500175e+03	   1.1538700e-05	
   6.9000406e+03	   1.0438850e-05	
   6.9500351e+03	   1.0052030e-05	
   7.0000291e+03	   9.7781370e-06	
   7.0500236e+03	   9.4155620e-06	
   7.1000175e+03	   9.0606980e-06	
