   5.9000115e+03	   8.1073470e-04	
   5.9500351e+03	   8.1049930e-04	
   6.0000291e+03	   8.1026370e-04	
   6.0500236e+03	   8.0983850e-04	
   6.1000175e+03	   8.0963420e-04	
   6.1500406e+03	   8.0915270e-04	
   6.2000351e+03	   8.0845380e-04	
   6.2500291e+03	   8.0631700e-04	
   6.3000236e+03	   8.0046200e-04	
   6.3500175e+03	   7.8507340e-04	
   6.4000406e+03	   7.4967430e-04	
   6.4500351e+03	   6.8798700e-04	
   6.5000291e+03	   5.9029020e-04	
   6.5500236e+03	   4.6348190e-04	
   6.6000175e+03	   3.2970900e-04	
   6.6500406e+03	   2.0959010e-04	
   6.7000351e+03	   1.1572680e-04	
   6.7500291e+03	   5.6067990e-05	
   6.8000236e+03	   2.6231450e-05	
   6.8500175e+03	   1.4584750e-05	
   6.9000406e+03	   1.1059210e-05	
   6.9500351e+03	   1.0267240e-05	
   7.0000582e+03	   9.9877020e-06	
   7.0500236e+03	   9.7631800e-06	
   7.1000175e+03	   9.4574020e-06	
