   5.9000115e+03	   8.0625630e-04	
   5.9500351e+03	   8.0611260e-04	
   6.0000582e+03	   8.0601920e-04	
   6.0500236e+03	   8.0611540e-04	
   6.1000175e+03	   8.0602700e-04	
   6.1500406e+03	   8.0592320e-04	
   6.2000351e+03	   8.0543350e-04	
   6.2500291e+03	   8.0421760e-04	
   6.3000236e+03	   8.0066550e-04	
   6.3500175e+03	   7.9174220e-04	
   6.4000406e+03	   7.7209770e-04	
   6.4500351e+03	   7.3248350e-04	
   6.5000582e+03	   6.6632280e-04	
   6.5500236e+03	   5.6603250e-04	
   6.6000175e+03	   4.3461220e-04	
   6.6500406e+03	   3.0590020e-04	
   6.7000351e+03	   1.8449760e-04	
   6.7500291e+03	   1.0346520e-04	
   6.8000236e+03	   5.0583550e-05	
   6.8500175e+03	   2.5140880e-05	
   6.9000406e+03	   1.5281580e-05	
   6.9500351e+03	   1.1815620e-05	
   7.0000582e+03	   1.0588300e-05	
   7.0500236e+03	   1.0287840e-05	
   7.1000175e+03	   1.0053060e-05	
   7.1500406e+03	   9.7218830e-06	
   7.2000351e+03	   9.0309220e-06	
