   5.1000175e+03	   9.7032090e-04	
   5.1500406e+03	   9.3035500e-04	
   5.2000351e+03	   9.3017770e-04	
   5.2500291e+03	   9.2990100e-04	
   5.3000236e+03	   9.2975870e-04	
   5.3500175e+03	   9.2953230e-04	
   5.4000406e+03	   9.2877130e-04	
   5.4500351e+03	   9.2722780e-04	
   5.5000291e+03	   9.2293420e-04	
   5.5500236e+03	   9.1269790e-04	
   5.6000175e+03	   8.9878150e-04	
   5.6500406e+03	   8.7446670e-04	
   5.7000351e+03	   8.3604960e-04	
   5.7500291e+03	   7.8244110e-04	
   5.8000236e+03	   7.0377650e-04	
   5.8500466e+03	   6.0073850e-04	
   5.9000406e+03	   4.8750980e-04	
   5.9500351e+03	   3.7572990e-04	
   6.0000291e+03	   2.6275130e-04	
   6.0500236e+03	   1.7851900e-04	
   6.1000175e+03	   1.0974380e-04	
   6.1500406e+03	   6.5360580e-05	
   6.2000351e+03	   3.8283840e-05	
   6.2500291e+03	   1.9554350e-05	
   6.3000236e+03	   1.0800090e-05	
   6.3500175e+03	   6.9396450e-06	
   6.4000406e+03	   4.9363460e-06	
   6.4500351e+03	   4.1663630e-06	
   6.5000291e+03	   3.5542590e-06	
   6.5500236e+03	   3.1093090e-06	
   6.6000175e+03	   2.7203030e-06	
