   5.0000000e+03	   9.3597380e-04	
   5.0500236e+03	   9.3591750e-04	
   5.1000175e+03	   9.3584210e-04	
   5.1500406e+03	   9.3567240e-04	
   5.2000351e+03	   9.3552200e-04	
   5.2500291e+03	   9.3535760e-04	
   5.3000236e+03	   9.3519300e-04	
   5.3500175e+03	   9.3502480e-04	
   5.4000406e+03	   9.3450210e-04	
   5.4500351e+03	   9.3380610e-04	
   5.5000291e+03	   9.3180560e-04	
   5.5500236e+03	   9.2588510e-04	
   5.6000175e+03	   9.1685700e-04	
   5.6500406e+03	   8.9837870e-04	
   5.7000351e+03	   8.7031970e-04	
   5.7500291e+03	   8.3149540e-04	
   5.8000236e+03	   7.6596400e-04	
   5.8500175e+03	   6.8333020e-04	
   5.9000406e+03	   5.7879360e-04	
   5.9500351e+03	   4.6137600e-04	
   6.0000291e+03	   3.5083320e-04	
   6.0500236e+03	   2.4337950e-04	
   6.1000175e+03	   1.5990980e-04	
   6.1500406e+03	   1.0077400e-04	
   6.2000351e+03	   5.8188430e-05	
   6.2500291e+03	   3.3410700e-05	
   6.3000236e+03	   1.7395990e-05	
   6.3500175e+03	   9.3398420e-06	
   6.4000406e+03	   6.2278700e-06	
   6.4500351e+03	   4.5011670e-06	
   6.5000291e+03	   3.7073910e-06	
