   5.0000291e+03	   9.3820520e-04	
   5.0500236e+03	   9.3842610e-04	
   5.1000175e+03	   9.3869710e-04	
   5.1500406e+03	   9.3877690e-04	
   5.2000351e+03	   9.3886230e-04	
   5.2500291e+03	   9.3893560e-04	
   5.3000236e+03	   9.3896350e-04	
   5.3500175e+03	   9.3908280e-04	
   5.4000406e+03	   9.3881410e-04	
   5.4500351e+03	   9.3824670e-04	
   5.5000291e+03	   9.3696910e-04	
   5.5500236e+03	   9.3184470e-04	
   5.6000175e+03	   9.2264490e-04	
   5.6500406e+03	   9.0706070e-04	
   5.7000351e+03	   8.7951680e-04	
   5.7500291e+03	   8.4223530e-04	
   5.8000236e+03	   7.8153360e-04	
   5.8500175e+03	   6.9897630e-04	
   5.9000406e+03	   5.9587010e-04	
   5.9500351e+03	   4.7863640e-04	
   6.0000291e+03	   3.6758560e-04	
   6.0500236e+03	   2.5832920e-04	
   6.1000175e+03	   1.7381490e-04	
   6.1500406e+03	   1.0902290e-04	
   6.2000351e+03	   6.3268900e-05	
   6.2500291e+03	   3.7422320e-05	
   6.3000236e+03	   1.9349650e-05	
   6.3500175e+03	   1.0484310e-05	
   6.4000406e+03	   6.9613210e-06	
   6.4500642e+03	   4.8061120e-06	
   6.5000291e+03	   3.9573530e-06	
