   5.0999885e+03	   9.3486050e-04	
   5.1500406e+03	   9.3477840e-04	
   5.2000351e+03	   9.3473060e-04	
   5.2500291e+03	   9.3451490e-04	
   5.3000236e+03	   9.3441500e-04	
   5.3500175e+03	   9.3435370e-04	
   5.4000406e+03	   9.3419570e-04	
   5.4500351e+03	   9.3410050e-04	
   5.5000291e+03	   9.3366120e-04	
   5.5500236e+03	   9.3315290e-04	
   5.6000175e+03	   9.3242730e-04	
   5.6500406e+03	   9.2921250e-04	
   5.7000351e+03	   9.2354270e-04	
   5.7500291e+03	   9.1300970e-04	
   5.8000236e+03	   8.9010700e-04	
   5.8500175e+03	   8.6032400e-04	
   5.9000406e+03	   8.1287760e-04	
   5.9500642e+03	   7.3983540e-04	
   6.0000291e+03	   6.4895360e-04	
   6.0500236e+03	   5.4221830e-04	
   6.1000175e+03	   4.2675520e-04	
   6.1500406e+03	   3.2322290e-04	
   6.2000351e+03	   2.2234240e-04	
   6.2500291e+03	   1.4352140e-04	
   6.3000236e+03	   9.1567020e-05	
   6.3500175e+03	   5.1645590e-05	
   6.4000406e+03	   2.9237680e-05	
   6.4500351e+03	   1.5329750e-05	
   6.5000291e+03	   8.1442100e-06	
