   5.2000060e+03	   9.3725390e-04	
   5.2500291e+03	   9.3712730e-04	
   5.3000236e+03	   9.3702480e-04	
   5.3500175e+03	   9.3657460e-04	
   5.4000406e+03	   9.3621630e-04	
   5.4500351e+03	   9.3512780e-04	
   5.5000291e+03	   9.3202000e-04	
   5.5500236e+03	   9.2764090e-04	
   5.6000175e+03	   9.1604700e-04	
   5.6500406e+03	   8.9570370e-04	
   5.7000351e+03	   8.6836130e-04	
   5.7500291e+03	   8.2379030e-04	
   5.8000236e+03	   7.5953140e-04	
   5.8500175e+03	   6.7215260e-04	
   5.9000406e+03	   5.7060810e-04	
   5.9500351e+03	   4.5328920e-04	
   6.0000291e+03	   3.3929770e-04	
   6.0500236e+03	   2.3955700e-04	
   6.1000175e+03	   1.5359720e-04	
   6.1500406e+03	   9.6580390e-05	
   6.2000351e+03	   5.5952440e-05	
   6.2500291e+03	   2.8993170e-05	
   6.3000236e+03	   1.6806310e-05	
   6.3500175e+03	   8.5879210e-06	
   6.4000406e+03	   5.5847500e-06	
   6.4500351e+03	   4.2972670e-06	
   6.5000291e+03	   3.2267320e-06	
   6.5500236e+03	   2.8431910e-06	
   6.6000175e+03	   2.5230300e-06	
