   5.2000351e+03	   9.3668530e-04	
   5.2500291e+03	   9.3677230e-04	
   5.3000236e+03	   9.3659400e-04	
   5.3500175e+03	   9.3628480e-04	
   5.4000406e+03	   9.3596400e-04	
   5.4500351e+03	   9.3474250e-04	
   5.5000291e+03	   9.3235810e-04	
   5.5500236e+03	   9.2895940e-04	
   5.6000175e+03	   9.1947680e-04	
   5.6500406e+03	   9.0316380e-04	
   5.7000351e+03	   8.7783270e-04	
   5.7500291e+03	   8.3751740e-04	
   5.8000236e+03	   7.8083600e-04	
   5.8500466e+03	   7.0129830e-04	
   5.9000406e+03	   6.0134640e-04	
   5.9500351e+03	   4.9287680e-04	
   6.0000291e+03	   3.7305950e-04	
   6.0500236e+03	   2.6758680e-04	
   6.1000175e+03	   1.8266810e-04	
   6.1500406e+03	   1.1373410e-04	
   6.2000351e+03	   6.9509860e-05	
   6.2500291e+03	   3.7828650e-05	
   6.3000236e+03	   1.9704930e-05	
   6.3500175e+03	   1.1960560e-05	
   6.4000406e+03	   6.5992260e-06	
   6.4500351e+03	   4.7230070e-06	
   6.5000291e+03	   3.8628040e-06	
   6.5500236e+03	   2.9394810e-06	
   6.6000175e+03	   2.5297320e-06	
