   5.2000060e+03	   9.2802130e-04	
   5.2500291e+03	   9.2773050e-04	
   5.3000236e+03	   9.2747250e-04	
   5.3500175e+03	   9.2663990e-04	
   5.4000406e+03	   9.2458860e-04	
   5.4500351e+03	   9.2246990e-04	
   5.5000291e+03	   9.1771810e-04	
   5.5500236e+03	   9.0712210e-04	
   5.6000175e+03	   8.9050560e-04	
   5.6500406e+03	   8.6226420e-04	
   5.7000351e+03	   8.2028150e-04	
   5.7500291e+03	   7.6203880e-04	
   5.8000236e+03	   6.8263490e-04	
   5.8500466e+03	   5.8177820e-04	
   5.9000406e+03	   4.7432460e-04	
   5.9500351e+03	   3.5920300e-04	
   6.0000291e+03	   2.5179400e-04	
   6.0500236e+03	   1.7141460e-04	
   6.1000175e+03	   1.0663570e-04	
   6.1500406e+03	   6.3559100e-05	
   6.2000351e+03	   3.5827430e-05	
   6.2500291e+03	   1.8205270e-05	
   6.3000236e+03	   1.1392880e-05	
   6.3500175e+03	   6.7675910e-06	
   6.4000406e+03	   4.6213370e-06	
   6.4500351e+03	   3.8574390e-06	
   6.5000291e+03	   2.9982120e-06	
   6.5500236e+03	   2.5772220e-06	
   6.6000175e+03	   2.2605400e-06	
