   5.2000060e+03	   9.2948900e-04	
   5.2500291e+03	   9.2912650e-04	
   5.3000236e+03	   9.2837880e-04	
   5.3500175e+03	   9.2683440e-04	
   5.4000406e+03	   9.2523940e-04	
   5.4500351e+03	   9.2183770e-04	
   5.5000291e+03	   9.1452610e-04	
   5.5500236e+03	   9.0282290e-04	
   5.6000175e+03	   8.8125780e-04	
   5.6500406e+03	   8.4699840e-04	
   5.7000351e+03	   7.9824990e-04	
   5.7500291e+03	   7.3234670e-04	
   5.8000236e+03	   6.4449680e-04	
   5.8500466e+03	   5.3935760e-04	
   5.9000406e+03	   4.2574580e-04	
   5.9500351e+03	   3.1272570e-04	
   6.0000291e+03	   2.1795950e-04	
   6.0500236e+03	   1.4594690e-04	
   6.1000175e+03	   8.8170480e-05	
   6.1500406e+03	   5.0222910e-05	
   6.2000351e+03	   2.9140550e-05	
   6.2500291e+03	   1.4753860e-05	
   6.3000236e+03	   9.6513220e-06	
   6.3500175e+03	   6.2075140e-06	
   6.4000406e+03	   4.4386780e-06	
   6.4500351e+03	   3.8224010e-06	
   6.5000291e+03	   2.9678230e-06	
   6.5500236e+03	   2.4290080e-06	
   6.6000175e+03	   2.2480400e-06	
