   5.2999940e+03	   9.2797910e-04	
   5.3500175e+03	   9.2666570e-04	
   5.4000406e+03	   9.2331440e-04	
   5.4500351e+03	   9.1757080e-04	
   5.5000291e+03	   9.0795210e-04	
   5.5500236e+03	   8.9011330e-04	
   5.6000175e+03	   8.5945530e-04	
   5.6500406e+03	   8.1488770e-04	
   5.7000351e+03	   7.5618120e-04	
   5.7500291e+03	   6.7937780e-04	
   5.8000236e+03	   5.8295100e-04	
   5.8500466e+03	   4.7023230e-04	
   5.9000406e+03	   3.5775810e-04	
   5.9500351e+03	   2.5371360e-04	
   6.0000291e+03	   1.7164620e-04	
   6.0500236e+03	   1.0922230e-04	
   6.1000175e+03	   6.1623580e-05	
   6.1500406e+03	   3.4937950e-05	
   6.2000351e+03	   2.0077330e-05	
   6.2500291e+03	   1.1209350e-05	
   6.3000236e+03	   8.0505010e-06	
   6.3500175e+03	   5.6522030e-06	
   6.4000406e+03	   4.1422680e-06	
   6.4500351e+03	   3.5621160e-06	
   6.5000291e+03	   2.8869980e-06	
   6.5500236e+03	   2.3724170e-06	
   6.6000175e+03	   2.1449160e-06	
