   5.2000060e+03	   9.3061990e-04	
   5.2500291e+03	   9.2909980e-04	
   5.3000236e+03	   9.2585960e-04	
   5.3500175e+03	   9.2042500e-04	
   5.4000406e+03	   9.1081600e-04	
   5.4500351e+03	   8.9242450e-04	
   5.5000291e+03	   8.6201200e-04	
   5.5500236e+03	   8.1732570e-04	
   5.6000175e+03	   7.5860110e-04	
   5.6500406e+03	   6.8344520e-04	
   5.7000351e+03	   5.9027950e-04	
   5.7500291e+03	   4.8007490e-04	
   5.8000236e+03	   3.7165600e-04	
   5.8500175e+03	   2.6968900e-04	
   5.9000406e+03	   1.8370940e-04	
   5.9500351e+03	   1.1814730e-04	
   6.0000582e+03	   6.9014660e-05	
   6.0500236e+03	   3.6668210e-05	
   6.1000175e+03	   2.2141180e-05	
   6.1500406e+03	   1.2912680e-05	
   6.2000351e+03	   8.4794660e-06	
   6.2500291e+03	   6.5509980e-06	
   6.3000236e+03	   4.7023800e-06	
   6.3500175e+03	   3.7610120e-06	
   6.4000406e+03	   3.1915920e-06	
   6.4500351e+03	   2.5735880e-06	
   6.5000291e+03	   2.1716370e-06	
   6.5500236e+03	   2.0532700e-06	
   6.6000175e+03	   1.8996320e-06	
