X	Y
0	17.777778625
1	16.747827530
2	17.694160461
3	16.710672379
4	16.695766449
5	18.617488861
6	17.685373306
7	17.229166031
8	16.764171600
9	17.662132263
10	17.131896973
11	17.891582489
12	18.979591370
13	18.335176468
14	17.138889313
15	17.550027847
16	21.038549423
17	18.080074310
18	17.613378525
19	20.936153412
20	18.303853989
21	17.958333969
22	18.169029236
23	18.587940216
24	18.024942398
25	18.728647232
26	19.946428299
27	17.888038635
28	17.925926208
29	17.967758179
30	18.146259308
31	16.881896973
32	18.056690216
33	18.279478073
34	17.609977722
35	17.704860687
36	18.674602509
37	18.628141403
38	18.604024887
39	18.567388535
40	19.839757919
41	18.145053864
42	19.638889313
43	20.710411072
44	19.140588760
45	19.195152283
46	20.668933868
47	19.430273056
48	18.244897842
49	18.967592239
50	20.256519318
51	20.973426819
52	20.038171768
53	18.632652283
54	18.577665329
55	18.490905762
56	21.000000000
57	20.862882614
58	20.999244690
59	20.710954666
60	21.794784546
61	20.192436218
62	20.097505569
63	19.097221375
64	19.893424988
65	20.654903412
66	22.662414551
67	21.599088669
68	21.773242950
69	21.223711014
70	23.638889313
71	22.429988861
72	20.287981033
73	19.144250870
74	20.140588760
75	19.642431259
76	21.408163071
77	23.079860687
78	23.100339890
79	23.830192566
80	23.566892624
81	21.872661591
82	22.345426559
83	25.089994431
84	23.666666031
85	23.146045685
86	22.019842148
87	26.076318741
88	25.105819702
89	22.944940567
90	24.621030807
91	23.732639313
92	23.853740692
93	26.973001480
94	27.476095200
95	27.248086929
96	26.219955444
97	25.930650711
98	28.500000000
99	27.960458755
100	24.028345108
101	26.360048294
102	26.715986252
103	25.169029236
104	27.995464325
105	30.503471375
106	30.270313263
107	27.433603287
108	30.951246262
109	28.890165329
110	24.556121826
111	28.122236252
112	27.962963104
113	28.268848419
114	29.269842148
115	32.173423767
116	33.183673859
117	30.110755920
118	31.481954575
119	29.645833969
120	29.775510788
121	30.295587540
122	30.474773407
123	31.286848068
124	34.253589630
125	35.050312042
126	35.680557251
127	35.369781494
128	36.766441345
129	35.498935699
130	33.600151062
131	31.667161942
132	35.302722931
133	38.956020355
134	34.117630005
135	35.495464325
136	37.643989563
137	42.102394104
138	41.653911591
139	42.962490082
140	44.111110687
141	42.405044556
142	43.584468842
143	38.168224335
144	40.199546814
145	40.907901764
146	39.185939789
147	40.979167938
148	45.119049072
149	43.693664551
150	47.583332062
151	50.719291687
152	47.199546814
153	42.705074310
154	45.412036896
155	47.430412292
156	43.840137482
157	47.278369904
158	48.615077972
159	54.215774536
160	54.794406891
161	50.934028625
162	51.858276367
163	53.242416382
164	53.891155243
165	56.261905670
166	51.285713196
167	51.787910461
168	50.777778625
169	51.640731812
170	54.334751129
171	55.592899323
172	52.671581268
173	57.724205017
174	67.734695435
175	63.298610687
176	58.916099548
177	60.255668640
178	62.075302124
179	61.968677521
180	58.193878174
181	62.343208313
182	63.347221375
183	63.800384521
184	64.786849976
185	65.855583191
186	64.062644958
187	70.931686401
188	70.157592773
189	72.565971375
190	78.235069275
191	80.103317261
192	71.986396790
193	72.667373657
194	70.848640442
195	74.589286804
196	77.629631042
197	75.936080933
198	76.227325439
199	81.963600159
200	93.417236328
201	90.438140869
202	80.165534973
203	75.701385498
204	87.178001404
205	89.309524536
206	88.369613647
207	86.528770447
208	91.677246094
209	86.264808655
210	77.750000000
211	78.617019653
212	81.333335876
213	84.967758179
214	90.050643921
215	96.245109558
216	96.963722229
217	103.204864502
218	104.095520020
219	110.238517761
220	111.219573975
221	102.454437256
222	96.910430908
223	97.666572571
224	103.333335876
225	112.447067261
226	112.073883057
227	107.499504089
228	98.282310486
229	94.225059509
230	99.513320923
231	112.253471375
232	123.131515503
233	116.074401855
234	113.526359558
235	123.181243896
236	132.597503662
237	137.504684448
238	125.550926208
239	126.215911865
240	129.421768188
241	139.475936890
242	137.518707275
243	128.543502808
244	114.656463623
245	115.020835876
246	120.625000000
247	125.437286377
248	124.303855896
249	128.638397217
250	127.795921326
251	123.551803589
252	120.277778625
253	126.166381836
254	136.854598999
255	144.072708130
256	147.603179932
257	152.217468262
258	151.321990967
259	154.017364502
260	165.125854492
261	162.690399170
262	165.503967285
263	171.770202637
264	174.251693726
265	186.192459106
266	168.486114502
267	155.873657227
268	163.554428101
269	156.056259155
270	168.433395386
271	165.541687012
272	149.419494629
273	158.770828247
274	156.578704834
275	171.124435425
276	163.519271851
277	154.296737671
278	198.846649170
279	183.941604614
280	165.925918579
281	156.369964600
282	199.298461914
283	191.677459717
284	172.916107178
285	164.770614624
286	204.427536011
287	230.618057251
288	237.460311890
289	200.627456665
290	187.091552734
291	185.270828247
292	194.662506104
293	200.064346313
294	192.541671753
295	180.226409912
296	171.609970093
297	166.386840820
298	172.705123901
299	205.177230835
300	222.146255493
301	241.752319336
302	242.721649170
303	224.116149902
304	203.059707642
305	182.977035522
306	178.743759155
307	176.643005371
308	190.222229004
309	182.247238159
310	190.088058472
311	196.213928223
312	193.913833618
313	192.940002441
314	197.785430908
315	201.777770996
316	211.377929688
317	215.167160034
318	219.300170898
319	223.179962158
320	223.247161865
321	210.038482666
322	198.407409668
323	199.134857178
324	217.992065430
325	222.673095703
326	227.872726440
327	231.746170044
328	223.087677002
329	213.687500000
330	228.235549927
331	232.044052124
332	223.530609131
333	223.673889160
334	231.917892456
335	233.767578125
336	232.333328247
337	228.033233643
338	224.638031006
339	235.513031006
340	231.234695435
341	235.096939087
342	247.864791870
343	240.812500000
344	246.784576416
345	240.694519043
346	248.099685669
347	251.957061768
348	254.687072754
349	251.458190918
350	250.930557251
351	250.877624512
352	246.032501221
353	249.132507324
354	251.770401001
355	253.309127808
356	248.218826294
357	250.739578247
358	252.098449707
359	252.483566284
360	249.281173706
361	251.894607544
362	253.559524536
363	248.160934448
364	250.148147583
365	245.289535522
366	244.841552734
367	250.447250366
368	253.725616455
369	251.201461792
370	249.897583008
371	251.093750000
372	247.448974609
373	245.926208496
374	244.250000000
375	249.574966431
376	247.252456665
377	244.791107178
378	243.180557251
379	235.964141846
380	245.408157349
381	245.763397217
382	250.864410400
383	242.795913696
384	239.789108276
385	227.660873413
386	241.129821777
387	232.033737183
388	232.701431274
389	230.200119019
390	225.482986450
391	223.914443970
392	216.666671753
393	219.428222656
394	218.452468872
395	212.074050903
396	208.001129150
397	202.829101562
398	208.967117310
399	208.604171753
400	202.417984009
401	197.199340820
402	187.929428101
403	184.510269165
404	187.241500854
405	187.951324463
406	194.319442749
407	189.273101807
408	187.408157349
409	202.959869385
410	191.632934570
411	187.732574463
412	181.972412109
413	171.788192749
414	172.810653687
415	174.366348267
416	171.104309082
417	169.642013550
418	176.150222778
419	190.520126343
420	178.222229004
421	185.529129028
422	192.405334473
423	189.435806274
424	187.868484497
425	181.814407349
426	177.244049072
427	181.591430664
428	183.501129150
429	189.463439941
430	180.187454224
431	178.161071777
432	175.886627197
433	176.490219116
434	179.402770996
435	177.540390015
436	170.389266968
437	174.437927246
438	173.643997192
439	176.274566650
440	171.664398193
441	163.159729004
442	157.949829102
443	147.253616333
444	144.663269043
445	138.472335815
446	130.439346313
447	123.306335449
448	136.888885498
449	141.499649048
450	135.032318115
451	130.760955811
452	129.948974609
453	132.301452637
454	137.554794312
455	141.472229004
456	144.464859009
457	145.022964478
458	145.700683594
459	146.011901855
460	133.974685669
461	130.085388184
462	135.208328247
463	133.145812988
464	135.850341797
465	133.280899048
466	128.414306641
467	133.141433716
468	122.210884094
469	104.923614502
470	105.038551331
471	103.443023682
472	111.039306641
473	118.369972229
474	117.973358154
475	110.087203979
476	98.777778625
477	101.092544556
478	103.853172302
479	103.232925415
480	108.380950928
481	113.896781921
482	114.711730957
483	111.006942749
484	107.454650879
485	105.234336853
486	102.701248169
487	101.393424988
488	95.190475464
489	96.465347290
490	96.560188293
491	90.518424988
492	83.291381836
493	78.882461548
494	85.511619568
495	86.359054565
496	77.917610168
497	79.427085876
498	85.794219971
499	91.807914734
500	92.562355042
501	90.870323181
502	88.246788025
503	86.348075867
504	84.888885498
505	86.728599548
506	80.677436829
507	77.223640442
508	72.506805420
509	66.110122681
510	67.150794983
511	71.932868958
512	73.544219971
513	67.848426819
514	68.866874695
515	74.399230957
516	76.078231812
517	68.937713623
518	69.097221375
519	72.667373657
520	73.993949890
521	73.166381836
522	68.010772705
523	70.336898804
524	64.038551331
525	62.833332062
526	62.604309082
527	64.325393677
528	56.632652283
529	54.627788544
530	50.080783844
531	59.342971802
532	63.314815521
533	63.122238159
534	66.056976318
535	60.190475464
536	54.575962067
537	55.050098419
538	51.891441345
539	50.947917938
540	49.363945007
541	51.971042633
542	51.681972504
543	46.042942047
544	50.205593109
545	57.217971802
546	51.958332062
547	44.446048737
548	44.896823883
549	50.177509308
550	50.138134003
551	46.740928650
552	49.204082489
553	44.563655853
554	40.897392273
555	41.964427948
556	44.760772705
557	44.045562744
558	41.342121124
559	41.916809082
560	41.666667938
561	41.565689087
562	44.786376953
563	44.870677948
564	40.412696838
565	36.885368347
566	38.507369995
567	38.291667938
568	37.526832581
569	34.791027069
570	39.310375214
571	35.097694397
572	36.103176117
573	40.708686829
574	38.935184479
575	35.478599548
576	37.900226593
577	36.955192566
578	33.792800903
579	34.257438660
580	35.967498779
581	33.420139313
582	32.477890015
583	33.881305695
584	32.573696136
585	34.486042023
586	35.245655060
587	33.288265228
588	30.833333969
589	31.944444656
590	30.606292725
591	25.916524887
592	27.870748520
593	32.055061340
594	30.378969193
595	32.434028625
596	32.204082489
597	27.951744080
598	28.146919250
599	29.144769669
600	29.863945007
601	25.775510788
602	24.763889313
603	24.613662720
604	25.563114166
605	24.939979553
606	26.865646362
607	27.997236252
608	26.804988861
609	24.371528625
610	24.150321960
611	24.157667160
612	23.377550125
613	25.131542206
614	23.825963974
615	22.952592850
616	24.666666031
617	23.829931259
618	24.958616257
619	23.846065521
620	24.445577621
621	24.812288284
622	21.731386185
623	23.177083969
624	21.632652283
625	19.804775238
626	21.945577621
627	24.147462845
628	23.790626526
629	22.870534897
630	21.611110687
631	23.818616867
632	22.535146713
633	20.650297165
634	20.526927948
635	21.956348419
636	21.027210236
637	21.967592239
638	23.300170898
639	22.796201706
640	21.338624954
641	19.496881485
642	19.750850677
643	19.463174820
644	18.444444656
645	19.307113647
646	19.161943436
647	20.913406372
648	20.941043854
649	20.045658112
650	20.334751129
651	19.572916031
652	20.174224854
653	20.364299774
654	18.489229202
655	18.963932037
656	18.285715103
657	18.393424988
658	19.370370865
659	18.743480682
660	19.659864426
661	17.654407501
662	18.481292725
663	17.795280457
664	19.055932999
665	19.357639313
666	20.312074661
667	18.178619385
668	18.492063522
669	18.081420898
670	17.868291855
671	18.162839890
672	18.000000000
