X	Y
0	17.000000000
1	16.930318832
2	18.404506683
3	18.301736832
4	19.503417969
5	18.778257370
6	17.547250748
7	17.373586655
8	16.571517944
9	17.027938843
10	18.690572739
11	18.867752075
12	17.947687149
13	16.319658279
14	16.315959930
15	16.897932053
16	17.225273132
17	15.908118248
18	17.981861115
19	18.327793121
20	17.721134186
21	18.916143417
22	20.485431671
23	17.838891983
24	18.295452118
25	17.635566711
26	19.026012421
27	19.438835144
28	19.247150421
29	20.660737991
30	18.833108902
31	19.261789322
32	19.810873032
33	19.168071747
34	18.530918121
35	18.394950867
36	17.875944138
37	17.768337250
38	18.587341309
39	19.125442505
40	18.724468231
41	18.903985977
42	20.312883377
43	19.400230408
44	18.672290802
45	19.343189240
46	20.244871140
47	18.399150848
48	19.469703674
49	19.176370621
50	18.886392593
51	17.986539841
52	17.072153091
53	18.490306854
54	18.686826706
55	20.653507233
56	19.464965820
57	19.728944778
58	21.000000000
59	20.747961044
60	19.348381042
61	18.409011841
62	19.679466248
63	22.619768143
64	21.145263672
65	20.151254654
66	22.062322617
67	20.688236237
68	21.352022171
69	21.733728409
70	21.222604752
71	19.260704041
72	21.259511948
73	21.590606689
74	22.642972946
75	24.671070099
76	21.801471710
77	21.833955765
78	22.069688797
79	22.594171524
80	23.332160950
81	22.005752563
82	20.290826797
83	22.123636246
84	20.138473511
85	22.589147568
86	25.910419464
87	23.204898834
88	22.449460983
89	22.741174698
90	24.697387695
91	24.914831161
92	24.379444122
93	26.211160660
94	22.681253433
95	22.727001190
96	24.098226547
97	25.757541656
98	23.861640930
99	24.728063583
100	26.274866104
101	24.097719193
102	27.255933762
103	25.509237289
104	23.505466461
105	23.420845032
106	23.423860550
107	25.066566467
108	27.437374115
109	26.637670517
110	29.110305786
111	28.246419907
112	27.196956635
113	28.112110138
114	28.539621353
115	27.000659943
116	27.816503525
117	27.998971939
118	26.072000504
119	29.773090363
120	32.357105255
121	29.732301712
122	33.105567932
123	34.821895599
124	34.586360931
125	31.434883118
126	31.003219604
127	32.012725830
128	33.274951935
129	31.508649826
130	31.280101776
131	29.998088837
132	32.109935760
133	35.098636627
134	36.322387695
135	32.543788910
136	35.503154755
137	36.112186432
138	33.289508820
139	30.738010406
140	33.266155243
141	33.527446747
142	31.304939270
143	33.954818726
144	35.116783142
145	36.362636566
146	35.352325439
147	42.400821686
148	40.406349182
149	37.553936005
150	36.047649384
151	37.984626770
152	37.170249939
153	35.716304779
154	36.502464294
155	38.203468323
156	39.653205872
157	39.587074280
158	40.823089600
159	42.241275787
160	44.609252930
161	44.468170166
162	46.298408508
163	44.332344055
164	41.617683411
165	42.638122559
166	38.401817322
167	39.268638611
168	40.507263184
169	39.569114685
170	39.719848633
171	48.515476227
172	47.230682373
173	45.139053345
174	48.389671326
175	51.346168518
176	49.261135101
177	51.303413391
178	49.476730347
179	46.998294830
180	45.336051941
181	46.073665619
182	46.758548737
183	45.097576141
184	47.520244598
185	47.929725647
186	51.300045013
187	51.945915222
188	56.003028870
189	58.990367889
190	58.597995758
191	58.147701263
192	59.638202667
193	59.868217468
194	55.414127350
195	51.947395325
196	48.819000244
197	55.239467621
198	56.049690247
199	53.031234741
200	50.083705902
201	54.754878998
202	59.039482117
203	59.459533691
204	63.324619293
205	69.960739136
206	69.274833679
207	64.360649109
208	66.420356750
209	69.040954590
210	70.713088989
211	68.608947754
212	62.195743561
213	59.524875641
214	62.130603790
215	64.183387756
216	64.718193054
217	68.816833496
218	69.002311707
219	71.078033447
220	66.701065063
221	71.326004028
222	77.412948608
223	80.377944946
224	76.747932434
225	71.907699585
226	80.015609741
227	82.571449280
228	84.284461975
229	82.871765137
230	74.678924561
231	68.341430664
232	68.067970276
233	69.011306763
234	68.577087402
235	69.739273071
236	78.521972656
237	78.802543640
238	81.902832031
239	84.717445374
240	82.977478027
241	85.960983276
242	88.311111450
243	86.596580505
244	91.623451233
245	88.953750610
246	89.167030334
247	87.581420898
248	89.985115051
249	96.972640991
250	95.255599976
251	94.815383911
252	87.605026245
253	79.484863281
254	78.041557312
255	82.905357361
256	90.985313416
257	101.644638062
258	100.038444519
259	98.881462097
260	95.318748474
261	101.628074646
262	107.414703369
263	109.317558289
264	106.875808716
265	101.279693604
266	105.473999023
267	109.149108887
268	112.756332397
269	107.236000061
270	99.715866089
271	91.568504333
272	92.795387268
273	103.591751099
274	113.425750732
275	113.969650269
276	104.958427429
277	100.299613953
278	95.387695312
279	103.972251892
280	110.855445862
281	108.958503723
282	113.312202454
283	120.293281555
284	125.000000000
285	126.032661438
286	130.135803223
287	131.402923584
288	120.251968384
289	126.222282410
290	132.353958130
291	140.469604492
292	136.905426025
293	138.790878296
294	136.001083374
295	129.828430176
296	123.574913025
297	121.607383728
298	122.074951172
299	125.112396240
300	116.762931824
301	124.973472595
302	126.734939575
303	122.368453979
304	124.059143066
305	122.994926453
306	127.829940796
307	126.286460876
308	119.197219849
309	129.427230835
310	130.503723145
311	126.950752258
312	130.388961792
313	127.400108337
314	133.333297729
315	143.016082764
316	154.576797485
317	161.903060913
318	150.919784546
319	158.111328125
320	150.436798096
321	148.663467407
322	144.854324341
323	147.816604614
324	135.444747925
325	154.196868896
326	162.385528564
327	183.379547119
328	202.155532837
329	189.399841309
330	157.224914551
331	142.298309326
332	141.059036255
333	153.543716431
334	165.157058716
335	170.522674561
336	186.085083008
337	181.998123169
338	180.284057617
339	183.537506104
340	157.221740723
341	138.973419189
342	137.320343018
343	139.684402466
344	158.757781982
345	170.990905762
346	164.680770874
347	167.049163818
348	183.188659668
349	193.078964233
350	178.805984497
351	172.392150879
352	169.803604126
353	178.695251465
354	181.637496948
355	161.941925049
356	138.277648926
357	124.536743164
358	119.719299316
359	122.743560791
360	128.295684814
361	128.953720093
362	127.973449707
363	130.723022461
364	131.068786621
365	130.012435913
366	122.969009399
367	127.544525146
368	145.837295532
369	168.944458008
370	176.339385986
371	169.229339600
372	159.835922241
373	177.426605225
374	199.667510986
375	199.519531250
376	196.500686646
377	192.275497437
378	167.810806274
379	167.814025879
380	202.985443115
381	187.774093628
382	174.652816772
383	189.046096802
384	182.522293091
385	183.687850952
386	186.445022583
387	174.348327637
388	191.473678589
389	183.645706177
390	176.660903931
391	174.963043213
392	191.166137695
393	183.389068604
394	183.485198975
395	175.524749756
396	193.594512939
397	190.807312012
398	190.487319946
399	191.471481323
400	191.495529175
401	188.616790771
402	193.298309326
403	192.735794067
404	192.047775269
405	189.299163818
406	186.998031616
407	183.041000366
408	188.366256714
409	196.743896484
410	197.051269531
411	192.026367188
412	191.907958984
413	190.559967041
414	188.945541382
415	181.591110229
416	185.458236694
417	190.401855469
418	194.565734863
419	193.268722534
420	190.152816772
421	183.991897583
422	180.413528442
423	193.294616699
424	193.245101929
425	194.796829224
426	177.413192749
427	176.916534424
428	184.434326172
429	183.645889282
430	189.178771973
431	187.402236938
432	186.907104492
433	181.358718872
434	185.275451660
435	177.881729126
436	178.592193604
437	178.565032959
438	178.318618774
439	168.334472656
440	166.543823242
441	168.578201294
442	168.846771240
443	170.160766602
444	172.126190186
445	167.496200562
446	167.559005737
447	165.458312988
448	167.006530762
449	158.987411499
450	157.406143188
451	158.264068604
452	151.599975586
453	158.531082153
454	151.549667358
455	149.591384888
456	144.911895752
457	142.780960083
458	142.748718262
459	134.992843628
460	133.111785889
461	126.600479126
462	130.732284546
463	125.435806274
464	123.554672241
465	129.977508545
466	130.418563843
467	127.725219727
468	138.853591919
469	133.696258545
470	134.712905884
471	142.272232056
472	148.800964355
473	153.485961914
474	144.428314209
475	139.090103149
476	134.077941895
477	132.545822144
478	127.267318726
479	121.860633850
480	126.598396301
481	124.532691956
482	125.019966125
483	129.405273438
484	128.868713379
485	131.626708984
486	134.032073975
487	130.629653931
488	134.349655151
489	138.335510254
490	136.587783813
491	137.942733765
492	136.005462646
493	134.169281006
494	133.455780029
495	131.626831055
496	130.133102417
497	125.357864380
498	119.870750427
499	112.315574646
500	104.582168579
501	104.270858765
502	106.803962708
503	108.942581177
504	112.581657410
505	108.878448486
506	106.495002747
507	102.729248047
508	98.826965332
509	95.907791138
510	94.549125671
511	95.579315186
512	99.531341553
513	103.248649597
514	102.767921448
515	96.067626953
516	99.769317627
517	101.163986206
518	101.355415344
519	101.512245178
520	102.151550293
521	99.770416260
522	111.902793884
523	109.361709595
524	105.119338989
525	103.102478027
526	95.518218994
527	88.399612427
528	86.876884460
529	84.809562683
530	82.535827637
531	89.964462280
532	93.273323059
533	95.381919861
534	89.847595215
535	78.744346619
536	71.895492554
537	72.534317017
538	79.126083374
539	82.587692261
540	82.794334412
541	82.584510803
542	77.482963562
543	80.984512329
544	84.930953979
545	81.396430969
546	80.145828247
547	79.718048096
548	78.246398926
549	79.532363892
550	81.177841187
551	79.602790833
552	74.412498474
553	74.373634338
554	69.317832947
555	70.163253784
556	68.084419250
557	67.479827881
558	62.268756866
559	62.603229523
560	63.004867554
561	67.843879700
562	66.365852356
563	66.431320190
564	66.215995789
565	66.325538635
566	67.163322449
567	67.724555969
568	64.015518188
569	64.449462891
570	67.182670593
571	65.182853699
572	66.832153320
573	59.899921417
574	60.487770081
575	59.671112061
576	63.437095642
577	58.258842468
578	54.127395630
579	55.073177338
580	53.963665009
581	54.852886200
582	54.469074249
583	55.563938141
584	53.239456177
585	55.771457672
586	61.598842621
587	58.690429688
588	58.583602905
589	55.394683838
590	50.527679443
591	52.377120972
592	54.548171997
593	54.091613770
594	51.037250519
595	45.992427826
596	44.447589874
597	42.503875732
598	45.188205719
599	42.672451019
600	48.225730896
601	48.945598602
602	45.194541931
603	40.842899323
604	44.427509308
605	47.604488373
606	43.958515167
607	44.559265137
608	44.139450073
609	41.887203217
610	42.175880432
611	37.866813660
612	35.725677490
613	39.153537750
614	41.344921112
615	40.235557556
616	35.541316986
617	34.183975220
618	38.657764435
619	42.813350677
620	40.055358887
621	43.398269653
622	42.574138641
623	38.264099121
624	36.075126648
625	38.007705688
626	39.236793518
627	35.274986267
628	33.690834045
629	32.341083527
630	31.197505951
631	32.055553436
632	36.106712341
633	34.117782593
634	34.736717224
635	32.808044434
636	33.098316193
637	33.804832458
638	34.934253693
639	35.867115021
640	33.267120361
641	30.476684570
642	29.858064651
643	30.488365173
644	28.355163574
645	30.099962234
646	30.781864166
647	27.935945511
648	29.366231918
649	30.532087326
650	30.991819382
651	31.653711319
652	32.027824402
653	32.623111725
654	29.250396729
655	27.371757507
656	25.858333588
657	26.963712692
658	28.376012802
659	29.943204880
660	29.993690491
661	29.859132767
662	28.808603287
663	27.237304688
664	28.371265411
665	27.780858994
666	25.902648926
667	25.875177383
668	26.587406158
669	27.209405899
670	28.589788437
671	28.638830185
672	22.849020004
673	24.526605606
674	24.931772232
675	26.773279190
676	27.350261688
677	25.614320755
678	23.985055923
679	25.808868408
680	26.740219116
681	25.077976227
682	23.639871597
683	22.113677979
684	20.857955933
685	21.585952759
686	24.115472794
687	26.071420670
688	26.241060257
689	24.843059540
690	26.800992966
691	22.993522644
692	21.099267960
693	19.471031189
694	19.393005371
695	20.635786057
696	23.923192978
697	22.495222092
698	19.071884155
699	19.983098984
700	22.553813934
701	22.356128693
702	23.309732437
703	22.689163208
704	21.788337708
705	19.657228470
706	20.470739365
707	22.159795761
708	21.313764572
709	19.866582870
710	21.075359344
711	22.550638199
712	19.960165024
713	21.873023987
714	20.074575424
715	19.375274658
716	18.144437790
717	19.325216293
718	19.695018768
719	20.193908691
720	20.250230789
721	19.877363205
722	20.286661148
723	21.957590103
724	21.655183792
725	20.014619827
726	18.618116379
727	19.075696945
728	18.359760284
729	16.759813309
730	18.981809616
731	20.444444656
