X	Y
0	15.871999741
1	15.744000435
2	16.016000748
3	16.200000763
4	15.855999947
5	16.288000107
6	16.232000351
7	15.920000076
8	16.040000916
9	16.104000092
10	16.087999344
11	16.247999191
12	16.135999680
13	15.991999626
14	16.191999435
15	16.263999939
16	16.488000870
17	16.559999466
18	16.455999374
19	16.704000473
20	16.312000275
21	16.336000443
22	16.511999130
23	16.055999756
24	16.336000443
25	16.288000107
26	16.063999176
27	16.399999619
28	16.656000137
29	16.496000290
30	16.271999359
31	16.184000015
32	16.288000107
33	16.624000549
34	16.648000717
35	16.319999695
36	16.488000870
37	16.767999649
38	16.544000626
39	16.392000198
40	16.752000809
41	16.760000229
42	16.968000412
43	16.968000412
44	17.031999588
45	16.920000076
46	17.215999603
47	16.591999054
48	16.663999557
49	17.072000504
50	16.823999405
51	16.992000580
52	16.823999405
53	16.760000229
54	17.143999100
55	17.000000000
56	16.927999496
57	17.167999268
58	17.256000519
59	17.447999954
60	17.535999298
61	17.680000305
62	17.408000946
63	17.455999374
64	17.472000122
65	17.559999466
66	17.888000488
67	17.719999313
68	17.895999908
69	18.224000931
70	18.423999786
71	17.743999481
72	18.167999268
73	17.912000656
74	18.191999435
75	17.832000732
76	18.184000015
77	18.591999054
78	18.472000122
79	18.600000381
80	18.239999771
81	18.663999557
82	18.808000565
83	19.152000427
84	19.215999603
85	19.304000854
86	19.360000610
87	19.239999771
88	19.423999786
89	19.087999344
90	19.319999695
91	19.143999100
92	19.527999878
93	19.888000488
94	19.968000412
95	19.944000244
96	20.184000015
97	20.184000015
98	20.000000000
99	20.143999100
100	20.583999634
101	20.544000626
102	21.447999954
103	20.799999237
104	20.624000549
105	20.312000275
106	20.159999847
107	20.503999710
108	20.992000580
109	21.016000748
110	21.256000519
111	21.416000366
112	21.239999771
113	21.120000839
114	21.343999863
115	21.464000702
116	21.152000427
117	21.464000702
118	21.360000610
119	22.072000504
120	21.791999817
121	22.312000275
122	22.736000061
123	22.695999146
124	22.464000702
125	22.775999069
126	23.576000214
127	23.832000732
128	24.951999664
129	25.007999420
130	25.000000000
131	24.143999100
132	24.743999481
133	25.096000671
134	25.903999329
135	25.784000397
136	26.568000793
137	26.055999756
138	26.752000809
139	27.128000259
140	27.527999878
141	28.447999954
142	28.408000946
143	28.951999664
144	27.648000717
145	28.304000854
146	29.840000153
147	29.704000473
148	29.488000870
149	29.360000610
150	28.944000244
151	29.704000473
152	30.968000412
153	31.096000671
154	31.520000458
155	32.664001465
156	33.000000000
157	33.616001129
158	33.743999481
159	33.527999878
160	33.680000305
161	34.504001617
162	34.368000031
163	34.568000793
164	36.023998260
165	35.976001740
166	35.959999084
167	35.976001740
168	36.383998871
169	36.672000885
170	37.063999176
171	37.448001862
172	37.807998657
173	39.071998596
174	38.375999451
175	37.959999084
176	39.175998688
177	40.400001526
178	41.512001038
179	42.175998688
180	43.344001770
181	43.464000702
182	44.408000946
183	44.183998108
184	45.192001343
185	44.743999481
186	45.655998230
187	45.824001312
188	46.560001373
189	46.959999084
190	46.159999847
191	46.591999054
192	46.088001251
193	47.088001251
194	47.215999603
195	47.456001282
196	48.007999420
197	48.032001495
198	48.720001221
199	48.495998383
200	49.119998932
201	50.599998474
202	51.512001038
203	52.208000183
204	52.456001282
205	52.495998383
206	52.816001892
207	54.344001770
208	56.344001770
209	57.992000580
210	59.743999481
211	60.271999359
212	62.055999756
213	62.416000366
214	62.000000000
215	63.504001617
216	64.975997925
217	66.512001038
218	67.648002625
219	68.487998962
220	68.648002625
221	69.199996948
222	71.071998596
223	71.319999695
224	71.888000488
225	70.968002319
226	70.711997986
227	70.720001221
228	70.736000061
229	71.456001282
230	71.080001831
231	71.216003418
232	71.639999390
233	73.367996216
234	74.783996582
235	76.111999512
236	75.192001343
237	76.208000183
238	76.335998535
239	76.255996704
240	77.496002197
241	78.695999146
242	80.295997620
243	81.727996826
244	83.431999207
245	84.480003357
246	86.295997620
247	88.071998596
248	87.360000610
249	88.664001465
250	89.424003601
251	90.816001892
252	92.047996521
253	94.335998535
254	94.176002502
255	96.367996216
256	97.096000671
257	98.888000488
258	100.583999634
259	100.903999329
260	100.847999573
261	101.879997253
262	104.720001221
263	105.832000732
264	106.599998474
265	108.688003540
266	107.704002380
267	108.527999878
268	110.136001587
269	111.944000244
270	111.791999817
271	113.120002747
272	114.064002991
273	113.624000549
274	113.384002686
275	115.487998962
276	116.592002869
277	116.872001648
278	116.375999451
279	116.199996948
280	116.944000244
281	118.695999146
282	120.736000061
283	120.935997009
284	120.648002625
285	121.615997314
286	122.847999573
287	124.208000183
288	125.416000366
289	125.896003723
290	124.760002136
291	125.952003479
292	127.192001343
293	127.615997314
294	127.968002319
295	127.351997375
296	128.871994019
297	127.288002014
298	127.496002197
299	126.991996765
300	127.648002625
301	128.216003418
302	127.351997375
303	127.304000854
304	128.287994385
305	129.776000977
306	129.695999146
307	132.391998291
308	133.031997681
309	134.024002075
310	135.311996460
311	139.399993896
312	139.343994141
313	141.703994751
314	141.871994019
315	144.871994019
316	143.048004150
317	144.007995605
318	146.111999512
319	146.391998291
320	146.671997070
321	147.160003662
322	147.264007568
323	148.983993530
324	148.119995117
325	151.455993652
326	152.975997925
327	154.143997192
328	153.944000244
329	157.007995605
330	157.207992554
331	156.151992798
332	157.768005371
333	160.792007446
334	160.199996948
335	159.264007568
336	160.664001465
337	160.207992554
338	160.695999146
339	160.352005005
340	161.264007568
341	162.759994507
342	159.800003052
343	162.175994873
344	161.527999878
345	162.311996460
346	161.904006958
347	160.455993652
348	158.807998657
349	158.352005005
350	158.080001831
351	158.751998901
352	159.376007080
353	159.783996582
354	158.016006470
355	159.223999023
356	157.600006104
357	157.192001343
358	155.727996826
359	155.024002075
360	154.552001953
361	156.863998413
362	157.576004028
363	157.447998047
364	157.231994629
365	156.279998779
366	156.960006714
367	155.800003052
368	158.000000000
369	156.591995239
370	158.048004150
371	155.264007568
372	155.024002075
373	158.703994751
374	156.951995850
375	153.856002808
376	151.927993774
377	150.304000854
378	151.119995117
379	150.951995850
380	150.664001465
381	149.039993286
382	150.296005249
383	150.664001465
384	150.656005859
385	149.408004761
386	150.384002686
387	151.352005005
388	152.080001831
389	153.871994019
390	154.664001465
391	154.944000244
392	154.024002075
393	155.871994019
394	153.759994507
395	152.367996216
396	148.279998779
397	143.192001343
398	140.888000488
399	138.807998657
400	135.039993286
401	133.679992676
402	131.264007568
403	133.376007080
404	132.104003906
405	129.664001465
406	127.431999207
407	126.223999023
408	124.959999084
409	123.496002197
410	123.087997437
411	122.304000854
412	122.912002563
413	124.503997803
414	123.176002502
415	120.928001404
416	120.223999023
417	120.087997437
418	120.608001709
419	120.879997253
420	119.223999023
421	120.695999146
422	119.400001526
423	119.872001648
424	116.839996338
425	115.255996704
426	115.447998047
427	114.263999939
428	112.375999451
429	109.031997681
430	106.360000610
431	106.111999512
432	105.431999207
433	102.872001648
434	100.160003662
435	100.519996643
436	97.424003601
437	95.335998535
438	93.599998474
439	91.744003296
440	91.487998962
441	90.823997498
442	92.328002930
443	92.903999329
444	94.896003723
445	94.800003052
446	92.872001648
447	90.896003723
448	89.655998230
449	89.367996216
450	89.727996826
451	88.367996216
452	85.856002808
453	85.087997437
454	82.087997437
455	80.080001831
456	79.615997314
457	78.351997375
458	75.400001526
459	72.047996521
460	69.080001831
461	68.823997498
462	69.000000000
463	68.360000610
464	68.040000916
465	68.127998352
466	69.040000916
467	67.952003479
468	67.472000122
469	67.968002319
470	67.447998047
471	68.071998596
472	66.664001465
473	65.919998169
474	63.167999268
475	61.319999695
476	60.071998596
477	59.423999786
478	58.504001617
479	57.631999969
480	57.104000092
481	56.152000427
482	53.720001221
483	53.032001495
484	53.231998444
485	54.048000336
486	53.408000946
487	51.048000336
488	51.248001099
489	52.472000122
490	51.903999329
491	50.807998657
492	48.304000854
493	47.352001190
494	45.967998505
495	45.743999481
496	45.583999634
497	43.776000977
498	43.071998596
499	42.647998810
500	42.664001465
501	42.608001709
502	42.591999054
503	43.200000763
504	42.959999084
505	42.144001007
506	41.504001617
507	41.456001282
508	41.223999023
509	41.319999695
510	39.543998718
511	39.192001343
512	37.312000275
513	37.240001678
514	35.375999451
515	34.776000977
516	34.080001831
517	34.639999390
518	34.616001129
519	33.959999084
520	33.560001373
521	33.599998474
522	34.256000519
523	34.312000275
524	33.175998688
525	32.872001648
526	31.576000214
527	30.152000427
528	30.007999420
529	29.927999496
530	29.368000031
531	28.912000656
532	28.767999649
533	28.336000443
534	28.120000839
535	28.408000946
536	28.375999451
537	27.775999069
538	27.416000366
539	27.327999115
540	26.895999908
541	26.656000137
542	25.808000565
543	25.568000793
544	25.096000671
545	25.063999176
546	25.375999451
547	25.368000031
548	24.743999481
549	24.191999435
550	24.767999649
551	24.624000549
552	24.256000519
553	24.312000275
554	24.040000916
555	23.176000595
556	22.624000549
557	22.615999222
558	22.312000275
559	22.327999115
560	21.656000137
561	21.728000641
562	21.832000732
563	21.488000870
564	22.135999680
565	21.944000244
566	21.576000214
567	21.055999756
568	20.791999817
569	20.704000473
570	20.247999191
571	19.912000656
572	20.224000931
573	19.527999878
574	19.728000641
575	20.208000183
576	20.016000748
577	19.695999146
578	19.431999207
579	19.527999878
580	19.527999878
581	18.920000076
582	18.527999878
583	18.775999069
584	18.568000793
585	18.416000366
586	18.184000015
587	18.048000336
588	18.200000763
589	18.392000198
590	18.247999191
591	18.215999603
592	18.031999588
593	17.879999161
594	17.568000793
595	17.511999130
596	17.368000031
597	17.232000351
598	17.191999435
599	17.488000870
600	17.031999588
601	16.815999985
602	17.048000336
603	17.079999924
604	16.760000229
605	16.568000793
606	16.927999496
607	16.631999969
608	16.384000778
609	16.384000778
610	16.247999191
611	16.319999695
612	16.416000366
613	16.423999786
614	16.423999786
615	16.111999512
616	16.128000259
617	16.399999619
618	16.000000000
619	15.784000397
620	15.935999870
621	16.024000168
622	15.583999634
623	15.776000023
624	15.895999908
625	15.815999985
626	15.472000122
627	15.567999840
628	15.583999634
629	15.463999748
630	15.416000366
631	15.288000107
632	15.472000122
633	15.223999977
634	15.432000160
635	15.288000107
636	15.135999680
637	15.279999733
638	15.199999809
639	14.975999832
640	15.175999641
641	15.303999901
642	15.039999962
643	15.392000198
644	15.095999718
645	14.831999779
646	14.944000244
647	14.871999741
648	14.887999535
649	15.199999809
650	14.904000282
651	14.767999649
652	14.767999649
653	14.944000244
654	14.600000381
655	14.871999741
656	14.720000267
657	14.536000252
658	14.487999916
659	14.904000282
660	14.711999893
661	14.767999649
662	14.623999596
663	14.760000229
664	14.567999840
665	14.951999664
666	14.656000137
667	14.616000175
668	14.376000404
669	14.295999527
670	14.656000137
671	14.368000031
672	14.791999817
673	14.312000275
674	14.527999878
675	14.527999878
676	14.592000008
677	14.576000214
678	14.463999748
679	14.487999916
680	14.496000290
681	14.328000069
682	14.399999619
683	14.383999825
684	14.303999901
685	14.744000435
686	14.303999901
687	14.128000259
688	14.168000221
689	14.279999733
690	14.343999863
